0.993 0.0226321 0.0125 0.000415692 0.02 2.58653e-05 0.0047 2.58653e-05
0.991 0.0226321 0.0246 0.000831384 0.01 1.47802e-05 0.0024 1.47802e-05
0.994 0.0226321 0.052 0.00145492 0.005 6.83583e-06 0.00118 6.83583e-06
0.991 0.0226321 0.133 0.00323316 0.002 3.04841e-06 0.00043 3.04841e-06
0.972 0.0226321 0.3325 0.00711296 0.001 1.36717e-06 0.000159 1.36717e-06
0.934 0.0226321 0.451 0.0106694 0.0005 8.31384e-07 -4.9e-05 8.31384e-07
0.991 0.0226321 0.13 0.00290985 0.0002 2.77128e-07 -4.3e-05 2.77128e-07
0.991 0.0226321 0.064 0.00187061 0.0001 1.57039e-07 -2.3e-05 1.57039e-07
0.991 0.0226321 0.031 0.00103923 5e-05 7.39008e-08 -1.2e-05 7.39008e-08
0.991 0.0226321 0.011 0.000415692 2e-05 3.14079e-08 -5e-06 3.14079e-08
0.923 0.0226321 0.59 0.0145492 0.000613 9.60711e-07 -6e-07 9.60711e-07
0.94 0.0226321 0.49 0.0106694 0.000769 1.10851e-06 7.4e-05 1.10851e-06
EOF
