0.0125881 0.000507503 1.47655 0.00834718 50 0.0646632
0.0248234 0.00101252 1.50796 0.00955036 100 0.147802
0.0523139 0.00188711 1.48283 0.00882613 200 0.273433
0.134208 0.00447641 1.35088 0.00979571 500 0.762102
0.342078 0.0108163 0.999026 0.00869806 1000 1.36717
0.482869 0.0163523 -0.615752 0.0104975 2000 3.32554
0.131181 0.00419486 -1.35088 0.00890519 5000 6.9282
0.0645812 0.00239548 -1.44513 0.0101247 10000 15.7039
0.0312815 0.00126889 -1.50796 0.00955036 20000 29.5603
0.0110999 0.000490115 -1.5708 0.0101707 50000 78.5196
0.63922 0.0222292 -0.00614994 0.00984719 1631.32 2.55665
0.521277 0.0169219 0.604624 0.00909904 1300.39 1.87451
EOF
