907.4 21.3389 320.2 7.27461 0.0005 7.20533e-07 9.3e-05 3.60267e-06
868.3 21.3389 393 8.72954 0.0002 2.95603e-07 -3.3e-05 1.47802e-06
973 21.3389 153 3.39482 0.0001 1.38564e-07 -2.16e-05 6.9282e-07
981.7 21.3389 72 1.61658 5e-05 7.02058e-08 -1.13e-05 3.51029e-07
992.3 21.3389 32 0.80829 2e-05 2.77128e-08 -4.6e-06 1.38564e-07
992.3 21.3389 63.7 1.45492 0.002 2.86366e-06 0.000478 1.43183e-05
981.7 21.3389 135.2 3.0715 0.001 1.44107e-06 0.0002267 7.20533e-06
907.4 21.3389 327.2 7.11296 0.0005 7.20533e-07 9.25e-05 3.60267e-06
817.2 21.3389 476 10.3461 0.0004 5.72731e-07 5.6e-05 2.86366e-06
753.5 21.3389 576 12.9326 0.0003571 5.17306e-07 3.4e-05 2.58653e-06
559.5 12.9326 475.7 10.9927 0.000303 4.6188e-07 6e-06 2.3094e-06
601.6 13.9026 467 10.6694 0.0002778 4.80355e-07 -1.8e-05 2.40178e-06
EOF
