996 26.5119 37.9 0.969948 0.002 3.14079e-06 0.0004874 1.57039e-05
982 26.5119 80 2.26321 0.001 1.62582e-06 0.000234 8.12909e-06
935 24.572 195.8 5.17306 0.0005 8.8681e-07 0.000103 4.43405e-06
838.6 22.6321 286.5 7.59793 0.0002 3.04841e-07 -3.4e-05 1.5242e-06
972 25.2187 105 2.74819 0.0001 1.55192e-07 -2.18e-05 7.75959e-07
704.2 18.7523 381 10.3461 0.0003333 5.17306e-07 4.1e-05 2.58653e-06
849.9 22.6321 285.8 7.59793 0.0004 6.28157e-07 7.15e-05 3.14079e-06
575 15.5192 434.2 11.6394 0.0002857 4.80355e-07 4e-06 2.40178e-06
646.9 17.4591 400.6 10.6694 0.00025 4.15692e-07 -2.28e-05 2.07846e-06
756.4 20.6922 337 9.05285 0.0002222 3.60267e-07 -3.2e-05 1.80133e-06
887 23.9254 242.5 6.46632 0.0001818 3.04841e-07 -3.37e-05 1.5242e-06
910 24.572 209.3 5.81969 0.0001667 2.67891e-07 -3.24e-05 1.33945e-06
EOF
