990.6 22.6321 40.3 0.969948 0.002 2.95603e-06 0.00048 5.91207e-06
973.7 22.6321 94.4 2.26321 0.001 1.55192e-06 0.000219 3.10384e-06
907.4 21.3389 170.8 4.04145 0.0006666 9.97661e-07 0.0001176 1.99532e-06
768.5 17.4591 245 5.65803 0.0004 6.46632e-07 -1.63e-05 1.29326e-06
748.4 16.8124 256.2 5.81969 0.0004327 6.46632e-07 -4e-07 1.29326e-06
838 21.3389 195.7 5.0114 0.0003333 5.54256e-07 -3.46e-05 1.10851e-06
882.3 20.0456 159 3.71814 0.0002857 4.98831e-07 -3.8e-05 9.97661e-07
955 23.2788 86.4 2.10155 0.0001667 2.77128e-07 -2.88e-05 5.54256e-07
827 31.685 225.3 8.72954 0.0005556 9.05285e-07 7.13e-05 1.81057e-06
960 25.2187 121.1 3.23316 0.0008333 1.25631e-06 0.000171 2.51263e-06
947 25.2187 104.5 2.74819 0.0002 3.04841e-07 -3.3e-05 6.09682e-07
971 25.8653 54 1.45492 0.0001 1.51497e-07 -1.84e-05 3.02993e-07
EOF
