0.352876 0.0115384 1.16867 0.0181871 2000 2.88213
0.452609 0.0149932 -1.03673 0.0186364 5000 7.39008
0.157246 0.00490569 -1.35717 0.0175137 10000 13.8564
0.0733422 0.00229198 -1.42 0.0177569 20000 28.0823
0.0322483 0.00106978 -1.44513 0.0175272 50000 69.282
0.0641943 0.00201382 1.50168 0.0181209 500 0.715914
0.13772 0.0043302 1.4244 0.0182249 1000 1.44107
0.360591 0.0115479 1.16239 0.0181863 2000 2.88213
0.582477 0.0197895 0.879646 0.0180369 2500 3.57957
0.764433 0.0276268 0.598231 0.0182246 2800.34 4.05665
0.850223 0.0277893 0.12442 0.0191566 3300.33 5.03088
0.776263 0.0252258 -0.407118 0.0217404 3599.71 6.22441
EOF
