0.0406824 0.00135005 1.50796 0.0187066 500 0.739008
0.0969498 0.00323737 1.37602 0.0196185 1000 1.55192
0.18823 0.00627942 1.10846 0.0188804 1500.15 2.24519
0.318803 0.0103277 -0.25604 0.0203188 2500 4.04145
0.34233 0.0109366 -0.00580835 0.0187793 2311.07 3.45369
0.233532 0.0084336 -0.65226 0.0209252 3000.3 4.9893
0.180211 0.00587559 -0.835705 0.0219893 3500.18 6.11129
0.0904712 0.00311543 -1.08552 0.0209686 5998.8 9.97262
0.27243 0.0148448 0.806319 0.0205175 1799.86 2.93265
0.126146 0.0047248 1.28936 0.019045 1200.05 1.80924
0.110348 0.00412999 -1.03673 0.0192188 5000 7.62102
0.0556128 0.00210705 -1.15611 0.019118 10000 15.1497
EOF
