0.352876 0.0115384 1.16867 0.00920978 2000 2.88213
0.452609 0.0149932 -1.03673 0.00941222 5000 7.39008
0.157246 0.00490569 -1.35717 0.00890702 10000 13.8564
0.0733422 0.00229198 -1.42 0.00904482 20000 28.0823
0.0322483 0.00106978 -1.44513 0.00893355 50000 69.282
0.0641943 0.00201382 1.50168 0.00924982 500 0.715914
0.13772 0.0043302 1.4244 0.00928424 1000 1.44107
0.360591 0.0115479 1.16239 0.00920813 2000 2.88213
0.582477 0.0197895 0.879646 0.00908418 2500 3.57957
0.764433 0.0276268 0.598231 0.00914317 2800.34 4.05665
0.850223 0.0277893 0.12442 0.0095797 3300.33 5.03088
0.776263 0.0252258 -0.407118 0.0108873 3599.71 6.22441
EOF
