996 164 37.9 6 0.002 0.00034 0.0004874 0.00034
982 164 80 14 0.001 0.000176 0.000234 0.000176
935 152 195.8 32 0.0005 9.6e-05 0.000103 9.6e-05
838.6 140 286.5 47 0.0002 3.3e-05 -3.4e-05 3.3e-05
972 156 105 17 0.0001 1.68e-05 -2.18e-05 1.68e-05
704.2 116 381 64 0.0003333 5.6e-05 4.1e-05 5.6e-05
849.9 140 285.8 47 0.0004 6.8e-05 7.15e-05 6.8e-05
575 96 434.2 72 0.0002857 5.2e-05 4e-06 5.2e-05
646.9 108 400.6 66 0.00025 4.5e-05 -2.28e-05 4.5e-05
756.4 128 337 56 0.0002222 3.9e-05 -3.2e-05 3.9e-05
887 148 242.5 40 0.0001818 3.3e-05 -3.37e-05 3.3e-05
910 152 209.3 36 0.0001667 2.9e-05 -3.24e-05 2.9e-05
EOF
