990.6 140 40.3 6 0.002 0.00032 0.00048 0.00032
973.7 140 94.4 14 0.001 0.000168 0.000219 0.000168
907.4 132 170.8 25 0.0006666 0.000108 0.0001176 0.000108
768.5 108 245 35 0.0004 7e-05 -1.63e-05 7e-05
748.4 104 256.2 36 0.0004327 7e-05 -4e-07 7e-05
838 132 195.7 31 0.0003333 6e-05 -3.46e-05 6e-05
882.3 124 159 23 0.0002857 5.4e-05 -3.8e-05 5.4e-05
955 144 86.4 13 0.0001667 3e-05 -2.88e-05 3e-05
827 196 225.3 54 0.0005556 9.8e-05 7.13e-05 9.8e-05
960 156 121.1 20 0.0008333 0.000136 0.000171 0.000136
947 156 104.5 17 0.0002 3.3e-05 -3.3e-05 3.3e-05
971 160 54 9 0.0001 1.64e-05 -1.84e-05 1.64e-05
EOF
