0.991 0.0226321 0.0046 0.000415692 0.1 0.000184752 0.02 0.000184752
0.991 0.0226321 0.0076 0.000415692 0.05 9.2376e-05 0.011 9.2376e-05
0.991 0.0226321 0.0152 0.000623538 0.02 4.6188e-05 0.0046 4.6188e-05
0.991 0.0226321 0.028 0.000831384 0.01 1.84752e-05 0.0024 1.84752e-05
0.993 0.0226321 0.053 0.00166277 0.005 9.2376e-06 0.0012 9.2376e-06
0.991 0.0226321 0.125 0.00290985 0.002 4.6188e-06 0.00045 4.6188e-06
0.991 0.0226321 0.243 0.00549637 0.001 1.84752e-06 0.000208 1.84752e-06
0.985 0.0226321 0.445 0.0100228 0.0005 9.2376e-07 8.5e-05 9.2376e-07
0.962 0.0226321 0.746 0.0168124 0.0002 4.6188e-07 2.1e-05 4.6188e-07
0.951 0.0226321 0.877 0.0200456 0.0001 1.84752e-07 6e-06 1.84752e-07
0.945 0.0226321 0.913 0.0206922 5e-05 9.2376e-08 1.6e-06 9.2376e-08
0.946 0.0226321 0.934 0.0226321 2e-05 4.6188e-08 2.8e-07 4.6188e-08
0.946 0.0226321 0.94 0.0226321 1e-05 1.84752e-08 5e-08 1.84752e-08
EOF
