0.991 0.14 0.0046 0.002 0.1 0.02 0.02 0.02
0.991 0.14 0.0076 0.002 0.05 0.01 0.011 0.01
0.991 0.14 0.0152 0.003 0.02 0.005 0.0046 0.005
0.991 0.14 0.028 0.004 0.01 0.002 0.0024 0.002
0.993 0.14 0.053 0.008 0.005 0.001 0.0012 0.001
0.991 0.14 0.125 0.018 0.002 0.0005 0.00045 0.0005
0.991 0.14 0.243 0.034 0.001 0.0002 0.000208 0.0002
0.985 0.14 0.445 0.062 0.0005 0.0001 8.5e-05 0.0001
0.962 0.14 0.746 0.104 0.0002 5e-05 2.1e-05 5e-05
0.951 0.14 0.877 0.124 0.0001 2e-05 6e-06 2e-05
0.945 0.14 0.913 0.128 5e-05 1e-05 1.6e-06 1e-05
0.946 0.14 0.934 0.14 2e-05 5e-06 2.8e-07 5e-06
0.946 0.14 0.94 0.14 1e-05 2e-06 5e-08 2e-06
EOF
