0 -0.00893529 1.76279e-06 0.1
1.20101 -0.00943426 1.74838e-06 0.1
2.44289 -0.00990933 1.73467e-06 0.1
3.66132 -0.0103387 1.72227e-06 0.1
4.89323 -0.0115694 1.68675e-06 0.1
6.14198 -0.0123882 1.66311e-06 0.1
7.36454 -0.0145533 1.60061e-06 0.1
8.58493 -0.0171897 1.5245e-06 0.1
9.80728 -0.0190285 1.47142e-06 0.1
11.0184 -0.0210376 1.41342e-06 0.1
12.2418 -0.0207283 1.42235e-06 0.1
13.4607 -0.0202205 1.43701e-06 0.1
14.6825 -0.0216787 1.39492e-06 0.1
15.9028 -0.0234675 1.34328e-06 0.1
17.125 -0.0255188 1.28406e-06 0.1
18.3478 -0.0265939 1.25303e-06 0.1
19.5709 -0.0264136 1.25823e-06 0.1
20.7911 -0.026059 1.26847e-06 0.1
22.0143 -0.0249647 1.30006e-06 0.1
23.2369 -0.0246057 1.31042e-06 0.1
24.4578 -0.0250426 1.29781e-06 0.1
25.6782 -0.0250445 1.29775e-06 0.1
26.9009 -0.0252887 1.29071e-06 0.1
28.121 -0.0253261 1.28963e-06 0.1
29.3432 -0.0254006 1.28747e-06 0.1
30.5648 -0.0249222 1.30128e-06 0.1
31.7856 -0.0243664 1.31733e-06 0.1
33.0058 -0.0234435 1.34397e-06 0.1
34.2283 -0.0233441 1.34684e-06 0.1
35.4495 -0.0282778 1.20442e-06 0.1
36.6674 -0.0302411 1.14774e-06 0.1
37.8858 -0.0321789 1.0918e-06 0.1
39.1045 -0.0338699 1.04299e-06 0.1
40.3218 -0.0351877 1.00495e-06 0.1
41.5393 -0.0355366 9.94872e-07 0.1
42.7582 -0.0366819 9.61811e-07 0.1
43.9776 -0.0384333 9.11251e-07 0.1
45.1982 -0.0399392 8.67781e-07 0.1
46.4201 -0.0413639 8.26653e-07 0.1
47.6386 -0.0423561 7.9801e-07 0.1
48.8592 -0.0431094 7.76263e-07 0.1
50.0775 -0.0440495 7.49125e-07 0.1
51.2965 -0.0450554 7.2009e-07 0.1
52.5127 -0.0458774 6.96359e-07 0.1
53.7318 -0.0464717 6.79202e-07 0.1
54.95 -0.0463686 6.8218e-07 0.1
56.1687 -0.0461803 6.87617e-07 0.1
57.3876 -0.0462798 6.84742e-07 0.1
58.6091 -0.0465614 6.76615e-07 0.1
59.8295 -0.0464232 6.80605e-07 0.1
61.0498 -0.0467415 6.71415e-07 0.1
62.2707 -0.0470724 6.61862e-07 0.1
63.4907 -0.0463746 6.82007e-07 0.1
64.7114 -0.0458861 6.96107e-07 0.1
65.9295 -0.0467357 6.71582e-07 0.1
67.1476 -0.0467264 6.71852e-07 0.1
68.368 -0.0459592 6.93998e-07 0.1
69.5877 -0.0461947 6.872e-07 0.1
70.8328 -0.0456619 7.02579e-07 0.1
72.0532 -0.0445742 7.33981e-07 0.1
73.2747 -0.0447917 7.27702e-07 0.1
74.4943 -0.0451854 7.16337e-07 0.1
75.7149 -0.0450307 7.20801e-07 0.1
76.9339 -0.0460504 6.91364e-07 0.1
78.1576 -0.0475256 6.4878e-07 0.1
79.3768 -0.0485657 6.18754e-07 0.1
80.6018 -0.0496701 5.86874e-07 0.1
81.8228 -0.0508516 5.52768e-07 0.1
83.0423 -0.0524155 5.07621e-07 0.1
84.2627 -0.0535845 4.73875e-07 0.1
85.4805 -0.0553205 4.23762e-07 0.1
86.6999 -0.0572063 3.69323e-07 0.1
87.9201 -0.0595854 3.00643e-07 0.1
89.1389 -0.0621548 2.26471e-07 0.1
90.3593 -0.0641278 1.69514e-07 0.1
91.5754 -0.0660002 1.15465e-07 0.1
92.7984 -0.067872 6.1431e-08 0.1
94.0166 -0.0697066 8.46936e-09 0.1
95.2364 -0.0715216 -4.39254e-08 0.1
96.4542 -0.0710023 -2.8935e-08 0.1
97.6737 -0.0714278 -4.12163e-08 0.1
98.8918 -0.0725271 -7.2951e-08 0.1
100.112 -0.0739503 -1.14036e-07 0.1
101.33 -0.0762767 -1.81194e-07 0.1
102.546 -0.0790146 -2.6023e-07 0.1
103.767 -0.0829683 -3.74364e-07 0.1
104.986 -0.0863552 -4.72133e-07 0.1
106.207 -0.09018 -5.82545e-07 0.1
107.428 -0.0920262 -6.35841e-07 0.1
108.647 -0.0929073 -6.61276e-07 0.1
109.865 -0.0953994 -7.33218e-07 0.1
111.106 -0.0968694 -7.75652e-07 0.1
112.325 -0.098163 -8.12995e-07 0.1
113.541 -0.0998139 -8.60653e-07 0.1
114.759 -0.101309 -9.03817e-07 0.1
115.978 -0.10362 -9.70534e-07 0.1
117.195 -0.104195 -9.8712e-07 0.1
118.413 -0.104966 -1.00939e-06 0.1
119.632 -0.106665 -1.05842e-06 0.1
120.851 -0.108641 -1.11546e-06 0.1
122.069 -0.110704 -1.17502e-06 0.1
123.289 -0.11237 -1.22312e-06 0.1
124.509 -0.113556 -1.25734e-06 0.1
125.727 -0.114973 -1.29827e-06 0.1
126.945 -0.116257 -1.33531e-06 0.1
128.165 -0.117945 -1.38406e-06 0.1
129.385 -0.117728 -1.3778e-06 0.1
130.604 -0.118465 -1.39907e-06 0.1
131.822 -0.119292 -1.42294e-06 0.1
133.04 -0.119961 -1.44226e-06 0.1
134.259 -0.119961 0 -0.140355
135.477 -0.142608 1.57141e-06 1
136.699 -0.1451 1.52825e-06 1
137.92 -0.147907 1.47963e-06 1
139.138 -0.150273 1.43864e-06 1
140.36 -0.152561 1.39902e-06 1
141.585 -0.155634 1.3458e-06 1
142.803 -0.158867 1.2898e-06 1
144.023 -0.161915 1.23701e-06 1
145.245 -0.164053 1.19996e-06 1
146.467 -0.164786 1.18727e-06 1
147.688 -0.165067 1.18241e-06 1
148.91 -0.165444 1.17588e-06 1
150.132 -0.166202 1.16276e-06 1
151.355 -0.168679 1.11985e-06 1
152.573 -0.172018 1.06201e-06 1
153.794 -0.174336 1.02187e-06 1
155.037 -0.176764 9.79809e-07 1
156.258 -0.179209 9.37465e-07 1
157.478 -0.181693 8.94428e-07 1
158.698 -0.18404 8.53793e-07 1
159.914 -0.186503 8.1112e-07 1
161.134 -0.188757 7.7209e-07 1
162.354 -0.19105 7.32365e-07 1
163.57 -0.193922 6.82619e-07 1
164.789 -0.197017 6.29024e-07 1
166.007 -0.199811 5.80622e-07 1
167.225 -0.197748 6.1636e-07 1
168.442 -0.198457 6.04081e-07 1
169.663 -0.199049 5.93817e-07 1
