0 2.26175e-07 2.02073e-06 0.1
1.20125 1.67258e-06 2.02077e-06 0.1
2.44455 1.11102e-06 2.02076e-06 0.1
3.66247 2.3816e-06 2.02079e-06 0.1
4.87947 2.0072e-06 2.02078e-06 0.1
6.09758 2.29086e-06 2.02079e-06 0.1
7.31583 7.3663e-07 2.02075e-06 0.1
8.5302 1.70094e-06 2.02078e-06 0.1
9.74821 1.29824e-06 2.02076e-06 0.1
10.9988 6.23222e-07 2.02074e-06 0.1
12.2368 -7.4437e-08 2.02072e-06 0.1
13.4553 8.78499e-07 2.02075e-06 0.1
14.672 8.27432e-07 2.02075e-06 0.1
15.886 1.30958e-06 2.02076e-06 0.1
17.1032 1.68391e-06 2.02077e-06 0.1
18.3215 9.56657e-08 2.02073e-06 0.1
19.5401 1.59883e-06 2.02077e-06 0.1
20.7576 6.45888e-07 2.02074e-06 0.1
21.9762 6.119e-07 2.02074e-06 0.1
23.198 2.22849e-06 2.02079e-06 0.1
24.4168 5.55158e-07 2.02074e-06 0.1
25.6335 1.54212e-06 2.02077e-06 0.1
26.8502 1.14507e-06 2.02076e-06 0.1
28.0687 1.08269e-06 2.02076e-06 0.1
29.2876 1.28121e-06 2.02076e-06 0.1
30.5053 1.30956e-06 2.02076e-06 0.1
31.7234 8.27406e-07 2.02075e-06 0.1
32.9415 9.12492e-07 2.02075e-06 0.1
34.157 1.12239e-06 2.02076e-06 0.1
35.376 1.62155e-06 2.02077e-06 0.1
36.5922 6.11905e-07 2.02074e-06 0.1
37.8114 1.14507e-06 2.02076e-06 0.1
39.0309 -8.17558e-07 2.0207e-06 0.1
40.2508 1.24151e-06 2.02076e-06 0.1
41.4708 1.86459e-07 2.02073e-06 0.1
42.6889 1.38333e-06 2.02077e-06 0.1
43.9092 2.19446e-06 2.02079e-06 0.1
45.1279 1.1564e-06 2.02076e-06 0.1
46.3476 1.68391e-06 2.02077e-06 0.1
47.5868 6.45865e-07 2.02074e-06 0.1
48.8049 2.20461e-07 2.02073e-06 0.1
50.0239 1.70096e-06 2.02078e-06 0.1
51.2437 1.68966e-06 2.02077e-06 0.1
52.4603 1.71236e-06 2.02078e-06 0.1
53.6779 1.46843e-06 2.02077e-06 0.1
54.8955 2.08102e-06 2.02079e-06 0.1
56.1138 -3.07039e-07 2.02072e-06 0.1
57.3342 1.21877e-06 2.02076e-06 0.1
58.5533 3.02254e-06 2.02081e-06 0.1
59.7699 1.32657e-06 2.02076e-06 0.1
60.9911 1.59885e-06 2.02077e-06 0.1
62.2115 -2.04921e-07 2.02072e-06 0.1
63.4302 2.75033e-06 2.02081e-06 0.1
64.6481 2.31925e-06 2.02079e-06 0.1
65.8654 4.73563e-06 2.02086e-06 0.1
67.0822 1.10536e-06 2.02076e-06 0.1
68.3003 -1.29676e-05 2.02035e-06 0.1
69.5176 4.24659e-07 2.02074e-06 0.1
70.7364 1.77467e-06 2.02078e-06 0.1
71.9545 6.11826e-07 2.02074e-06 0.1
73.172 2.18306e-06 2.02079e-06 0.1
74.3887 4.58718e-07 2.02074e-06 0.1
75.6236 -1.70902e-07 2.02072e-06 0.1
76.8339 2.89781e-06 2.02081e-06 0.1
78.0435 -4.88575e-07 2.02071e-06 0.1
79.2808 -7.83538e-07 2.0207e-06 0.1
80.5119 1.07128e-06 2.02076e-06 0.1
81.7484 1.11103e-06 2.02076e-06 0.1
82.9661 -2.69506e-06 2.02065e-06 0.1
84.186 1.36065e-06 2.02077e-06 0.1
85.424 9.91952e-07 2.02075e-06 0.1
86.6419 1.57615e-06 2.02077e-06 0.1
87.8602 1.47973e-06 2.02077e-06 0.1
89.0789 1.38329e-06 2.02077e-06 0.1
90.2975 2.30787e-06 2.02079e-06 0.1
91.515 1.28118e-06 2.02076e-06 0.1
92.7322 2.06394e-06 2.02079e-06 0.1
93.9489 -3.2283e-06 2.02063e-06 0.1
95.1656 2.79564e-06 2.02081e-06 0.1
96.384 1.16201e-06 2.02076e-06 0.1
97.6019 1.4967e-06 2.02077e-06 0.1
98.8199 1.11102e-06 2.02076e-06 0.1
100.037 3.41401e-06 2.02082e-06 0.1
101.255 5.66493e-07 2.02074e-06 0.1
102.473 2.44403e-06 2.0208e-06 0.1
103.69 1.10536e-06 2.02076e-06 0.1
104.907 1.67825e-06 2.02077e-06 0.1
106.124 7.13948e-07 2.02075e-06 0.1
107.338 4.41676e-07 2.02074e-06 0.1
108.556 1.67826e-06 2.02077e-06 0.1
109.773 2.739e-06 2.02081e-06 0.1
110.987 1.26987e-06 2.02076e-06 0.1
112.206 1.08833e-06 2.02076e-06 0.1
113.423 -7.15481e-07 2.02071e-06 0.1
114.64 -4.61459e-08 2.02072e-06 0.1
115.858 6.57229e-07 2.02074e-06 0.1
117.074 1.89378e-06 2.02078e-06 0.1
118.293 1.7463e-06 2.02078e-06 0.1
119.512 9.74878e-07 2.02075e-06 0.1
120.73 -1.87929e-07 2.02072e-06 0.1
121.951 2.12636e-06 2.02079e-06 0.1
123.169 -1.1419e-07 2.02072e-06 0.1
124.387 7.19641e-07 2.02075e-06 0.1
125.605 1.9165e-06 2.02078e-06 0.1
126.823 1.0997e-06 2.02076e-06 0.1
128.04 -2.38977e-07 2.02072e-06 0.1
129.26 -6.47366e-07 2.02071e-06 0.1
130.477 1.08838e-06 2.02076e-06 0.1
131.692 1.30959e-06 2.02076e-06 0.1
132.91 9.46567e-07 2.02075e-06 0.1
134.127 4.94154e-09 2.02073e-06 0.1
135.346 2.09145e-07 2.02073e-06 0.1
136.564 1.49677e-06 2.02077e-06 0.1
137.781 2.35896e-06 2.02079e-06 0.1
138.997 -3.89192e-06 2.02061e-06 0.1
140.214 1.1621e-06 2.02076e-06 0.1
141.429 -1.14195e-07 2.02072e-06 0.1
142.648 2.15475e-06 2.02079e-06 0.1
