0 -0.122264 1.92378e-06 1
1.20104 -0.118253 1.99324e-06 1
2.45345 -0.115899 2.03403e-06 1
3.67568 -0.111985 2.10181e-06 1
4.89569 -0.109649 2.14227e-06 1
6.1149 -0.109207 2.14994e-06 1
7.33687 -0.110339 2.13033e-06 1
8.55821 -0.127983 1.82473e-06 1
9.78225 -0.145077 1.52865e-06 1
11.0023 -0.160958 1.25358e-06 1
12.2239 -0.177836 9.6125e-07 1
13.4431 -0.193894 6.83116e-07 1
14.6623 -0.20973 4.08816e-07 1
15.8823 -0.224624 1.50858e-07 1
17.1016 -0.23858 -9.08797e-08 1
18.3244 -0.25141 -3.13094e-07 1
19.5478 -0.262718 -5.08951e-07 1
20.77 -0.271794 -6.66153e-07 1
21.9944 -0.279916 -8.06836e-07 1
23.2158 -0.287129 -9.31767e-07 1
24.4334 -0.293302 -1.03869e-06 1
25.6533 -0.29822 -1.12387e-06 1
26.8728 -0.301538 -1.18135e-06 1
28.091 -0.306012 -1.25883e-06 1
29.3127 -0.311724 -1.35777e-06 1
30.5317 -0.315241 -1.41868e-06 1
31.7506 -0.31951 -1.49263e-06 1
32.9942 -0.323682 -1.56488e-06 1
34.2156 -0.328736 -1.65243e-06 1
35.4377 -0.333102 -1.72805e-06 1
36.6586 -0.337677 -1.80729e-06 1
37.878 -0.341973 -1.88169e-06 1
39.0971 -0.347107 -1.97061e-06 1
40.3196 -0.351158 -2.04079e-06 1
41.5363 -0.355356 -2.1135e-06 1
42.7552 -0.359182 -2.17976e-06 1
43.9779 -0.363656 -2.25725e-06 1
45.1991 -0.366304 -2.30312e-06 1
46.4198 -0.368088 -2.33402e-06 1
47.6379 -0.369051 -2.3507e-06 1
48.8568 -0.371894 -2.39995e-06 1
50.0761 -0.374614 -2.44706e-06 1
51.2977 -0.375348 -2.45977e-06 1
52.5157 -0.376756 -2.48415e-06 1
53.7362 -0.376401 -2.478e-06 1
54.9523 -0.37477 -2.44975e-06 1
56.1691 -0.376843 -2.48566e-06 1
57.3905 -0.378928 -2.52178e-06 1
58.6086 -0.379117 -2.52504e-06 1
59.8272 -0.377992 -2.50556e-06 1
61.0465 -0.37773 -2.50102e-06 1
62.2683 -0.378095 -2.50734e-06 1
63.5109 -0.37785 -2.5031e-06 1
64.7316 -0.378032 -2.50625e-06 1
65.9508 -0.378466 -2.51377e-06 1
67.1674 -0.377818 -2.50255e-06 1
68.3885 -0.3766 -2.48145e-06 1
69.6104 -0.376248 -2.47536e-06 1
70.8301 -0.375774 -2.46714e-06 1
72.0524 -0.374193 -2.43977e-06 1
73.2738 -0.372877 -2.41697e-06 1
74.4936 -0.372112 -2.40371e-06 1
75.7146 -0.37052 -2.37614e-06 1
76.9368 -0.368803 -2.3464e-06 1
78.1569 -0.367585 -2.3253e-06 1
79.3787 -0.367602 -2.3256e-06 1
80.6008 -0.369387 -2.35651e-06 1
81.8204 -0.370293 -2.37221e-06 1
83.0398 -0.370942 -2.38345e-06 1
84.2602 -0.371475 -2.39268e-06 1
85.4809 -0.371644 -2.39561e-06 1
86.7018 -0.372047 -2.40259e-06 1
87.9212 -0.373242 -2.42328e-06 1
89.1407 -0.37317 -2.42204e-06 1
90.3625 -0.374053 -2.43734e-06 1
91.5843 -0.375876 -2.46891e-06 1
92.8035 -0.377757 -2.50149e-06 1
94.0241 -0.37826 -2.5102e-06 1
95.2468 -0.378988 -2.52281e-06 1
96.4671 -0.378414 -2.51287e-06 1
97.6879 -0.37704 -2.48906e-06 1
98.9057 -0.375955 -2.47028e-06 1
100.125 -0.374619 -2.44713e-06 1
101.346 -0.373137 -2.42148e-06 1
102.563 -0.371516 -2.3934e-06 1
103.784 -0.371597 -2.3948e-06 1
105.002 -0.371251 -2.38881e-06 1
106.223 -0.371257 -2.38891e-06 1
107.471 -0.371133 -2.38676e-06 1
108.691 -0.372751 -2.41479e-06 1
109.91 -0.373043 -2.41983e-06 1
111.132 -0.373351 -2.42518e-06 1
112.351 -0.373614 -2.42973e-06 1
113.574 -0.372688 -2.4137e-06 1
114.796 -0.372523 -2.41083e-06 1
116.019 -0.371726 -2.39703e-06 1
117.24 -0.371989 -2.40159e-06 1
118.46 -0.370848 -2.38183e-06 1
119.679 -0.370815 -2.38125e-06 1
120.899 -0.369643 -2.36096e-06 1
122.118 -0.368532 -2.34172e-06 1
123.342 -0.369176 -2.35287e-06 1
124.565 -0.370801 -2.381e-06 1
125.785 -0.371126 -2.38663e-06 1
127.002 -0.370846 -2.38179e-06 1
128.224 -0.370349 -2.37318e-06 1
129.444 -0.372041 -2.40249e-06 1
130.664 -0.373858 -2.43396e-06 1
131.886 -0.373744 -2.43198e-06 1
133.104 -0.372538 -2.4111e-06 1
134.325 -0.371341 -2.39037e-06 1
135.547 -0.371191 -2.38776e-06 1
136.768 -0.371225 -2.38836e-06 1
137.988 -0.372322 -2.40735e-06 1
139.21 -0.373808 -2.4331e-06 1
140.429 -0.373486 -2.42751e-06 1
141.65 -0.37386 -2.434e-06 1
142.87 -0.373505 -2.42784e-06 1
144.089 -0.373911 -2.43487e-06 1
145.312 -0.37282 -2.41598e-06 1
146.532 -0.371398 -2.39134e-06 1
147.753 -0.369339 -2.35569e-06 1
148.972 -0.368979 -2.34946e-06 1
150.195 -0.368339 -2.33837e-06 1
151.415 -0.367355 -2.32133e-06 1
152.638 -0.367369 -2.32156e-06 1
153.859 -0.368013 -2.33271e-06 1
155.08 -0.368326 -2.33814e-06 1
156.301 -0.369311 -2.3552e-06 1
157.524 -0.369068 -2.35099e-06 1
158.745 -0.368171 -2.33546e-06 1
159.965 -0.368679 -2.34426e-06 1
161.186 -0.369341 -2.35571e-06 1
162.408 -0.369411 -2.35693e-06 1
163.63 -0.369055 -2.35077e-06 1
164.85 -0.367997 -2.33245e-06 1
166.072 -0.36777 -2.32852e-06 1
167.326 -0.36681 -2.31188e-06 1
168.547 -0.367196 -2.31856e-06 1
169.769 -0.368844 -2.34712e-06 1
170.989 -0.368967 -2.34924e-06 1
172.21 -0.369119 -2.35187e-06 1
173.428 -0.37054 -2.37649e-06 1
174.65 -0.371735 -2.39719e-06 1
175.869 -0.372463 -2.40979e-06 1
177.088 -0.373394 -2.42592e-06 1
178.31 -0.374301 -2.44163e-06 1
179.53 -0.375951 -2.47021e-06 1
180.752 -0.378283 -2.51061e-06 1
181.972 -0.380371 -2.54677e-06 1
183.194 -0.382033 -2.57556e-06 1
184.413 -0.385492 -2.63546e-06 1
185.636 -0.387477 -2.66985e-06 1
186.858 -0.388277 -2.68371e-06 1
188.081 -0.390038 -2.7142e-06 1
189.304 -0.393319 -2.77104e-06 1
190.526 -0.395366 -2.80649e-06 1
191.771 -0.395193 -2.8035e-06 1
193.013 -0.396529 -2.82663e-06 1
