0 -0.200444 5.69662e-07 1
1.20148 -0.200351 5.71266e-07 1
2.44322 -0.201226 5.56119e-07 1
3.66264 -0.201174 5.57023e-07 1
4.89 -0.201989 5.42903e-07 1
6.1361 -0.203632 5.14441e-07 1
7.35415 -0.204541 4.98697e-07 1
8.57267 -0.205395 4.83913e-07 1
9.7918 -0.206938 4.57188e-07 1
11.0118 -0.209311 4.16084e-07 1
12.2306 -0.213085 3.50707e-07 1
13.4503 -0.216814 2.86125e-07 1
14.6723 -0.220309 2.25583e-07 1
15.8894 -0.22363 1.68061e-07 1
17.1073 -0.22751 1.0087e-07 1
18.3281 -0.2311 3.86784e-08 1
19.5483 -0.234495 -2.01273e-08 1
20.7677 -0.237571 -7.34029e-08 1
21.9866 -0.240431 -1.2293e-07 1
23.2102 -0.242672 -1.61747e-07 1
24.4279 -0.244913 -2.00567e-07 1
25.6446 -0.247267 -2.41343e-07 1
26.8625 -0.249478 -2.79631e-07 1
28.0824 -0.251418 -3.13241e-07 1
29.3023 -0.252119 -3.2538e-07 1
30.5212 -0.250908 -3.04399e-07 1
31.7378 -0.249494 -2.79907e-07 1
32.9562 -0.247881 -2.51978e-07 1
34.1749 -0.246917 -2.35282e-07 1
35.3932 -0.246 -2.19396e-07 1
36.6142 -0.250732 -3.01351e-07 1
37.8333 -0.253365 -3.46961e-07 1
39.0744 -0.256973 -4.09459e-07 1
40.2934 -0.260156 -4.64578e-07 1
41.5129 -0.263355 -5.19997e-07 1
42.7316 -0.265975 -5.65367e-07 1
43.9534 -0.270096 -6.36744e-07 1
45.1748 -0.274177 -7.07428e-07 1
46.3956 -0.278201 -7.77128e-07 1
47.6167 -0.281575 -8.35562e-07 1
48.8359 -0.284774 -8.90974e-07 1
50.0553 -0.287138 -9.31917e-07 1
51.2717 -0.289582 -9.74262e-07 1
52.5086 -0.29176 -1.01198e-06 1
53.7281 -0.294305 -1.05607e-06 1
54.9498 -0.297018 -1.10306e-06 1
56.167 -0.300003 -1.15476e-06 1
57.3838 -0.302157 -1.19206e-06 1
58.6045 -0.304532 -1.23319e-06 1
59.8224 -0.30731 -1.28132e-06 1
61.0422 -0.310873 -1.34302e-06 1
62.2586 -0.314161 -1.39998e-06 1
63.477 -0.316872 -1.44693e-06 1
64.6995 -0.318628 -1.47734e-06 1
65.9201 -0.320499 -1.50976e-06 1
67.1339 -0.323013 -1.5533e-06 1
68.3514 -0.324949 -1.58684e-06 1
69.5743 -0.327155 -1.62505e-06 1
70.7933 -0.330139 -1.67672e-06 1
72.012 -0.332887 -1.72432e-06 1
73.2325 -0.333877 -1.74146e-06 1
74.453 -0.335372 -1.76735e-06 1
75.6729 -0.336706 -1.79047e-06 1
76.8901 -0.338787 -1.82651e-06 1
78.1148 -0.340824 -1.86179e-06 1
79.3357 -0.34233 -1.88788e-06 1
80.5561 -0.343693 -1.91149e-06 1
81.7769 -0.345216 -1.93786e-06 1
82.9957 -0.346907 -1.96715e-06 1
84.2154 -0.349147 -2.00594e-06 1
85.4354 -0.351392 -2.04483e-06 1
86.6573 -0.352292 -2.06042e-06 1
87.8762 -0.352845 -2.07e-06 1
89.0964 -0.354235 -2.09407e-06 1
90.3161 -0.355833 -2.12176e-06 1
91.5379 -0.35671 -2.13694e-06 1
92.7568 -0.356575 -2.13461e-06 1
93.9773 -0.356159 -2.1274e-06 1
95.1966 -0.356394 -2.13147e-06 1
96.4161 -0.356409 -2.13174e-06 1
97.6363 -0.356968 -2.14141e-06 1
98.8823 -0.357884 -2.15728e-06 1
100.101 -0.358574 -2.16923e-06 1
101.318 -0.359799 -2.19045e-06 1
102.54 -0.359887 -2.19197e-06 1
103.761 -0.360412 -2.20107e-06 1
104.982 -0.361538 -2.22057e-06 1
106.202 -0.362069 -2.22977e-06 1
107.423 -0.362677 -2.2403e-06 1
108.645 -0.363908 -2.26161e-06 1
109.867 -0.364553 -2.2728e-06 1
111.09 -0.364938 -2.27946e-06 1
112.309 -0.365336 -2.28636e-06 1
113.53 -0.365552 -2.2901e-06 1
114.75 -0.366483 -2.30622e-06 1
115.969 -0.368107 -2.33435e-06 1
117.19 -0.369766 -2.36309e-06 1
118.413 -0.372922 -2.41775e-06 1
119.634 -0.373931 -2.43523e-06 1
120.854 -0.373672 -2.43074e-06 1
122.074 -0.373501 -2.42777e-06 1
123.295 -0.37525 -2.45807e-06 1
124.512 -0.376942 -2.48738e-06 1
125.737 -0.379532 -2.53223e-06 1
126.957 -0.381626 -2.5685e-06 1
128.178 -0.384371 -2.61605e-06 1
129.396 -0.386144 -2.64675e-06 1
130.617 -0.387756 -2.67468e-06 1
131.835 -0.389435 -2.70376e-06 1
133.053 -0.391019 -2.73119e-06 1
134.271 -0.392678 -2.75993e-06 1
135.488 -0.394176 -2.78588e-06 1
136.737 -0.396067 -2.81863e-06 1
137.955 -0.398281 -2.85698e-06 1
139.173 -0.400366 -2.89309e-06 1
140.392 -0.402628 -2.93227e-06 1
141.613 -0.404541 -2.9654e-06 1
142.833 -0.405279 -2.97819e-06 1
144.05 -0.406599 -3.00104e-06 1
145.268 -0.408147 -3.02786e-06 1
146.484 -0.409238 -3.04676e-06 1
