0 -0.403127 -2.94092e-06 1
1.20121 -0.402889 -2.93679e-06 1 
2.44579 -0.402395 -2.92823e-06 1 
3.6673 -0.401033 -2.90465e-06 1
4.91216 -0.399458 -2.87736e-06 1 
6.13179 -0.397897 -2.85032e-06 1 
7.35163 -0.39559 -2.81036e-06 1
8.57095 -0.394665 -2.79435e-06 1 
9.79459 -0.447771 -3.71417e-06 1 
11.0139 -0.517335 -4.91905e-06 1 
12.2359 -0.584493 -6.08227e-06 1 
13.456 -0.645482 -7.13862e-06 1 
14.6992 -0.705263 -8.17405e-06 1 
15.9193 -0.761637 -9.15049e-06 1 
17.1401 -0.81507 -1.0076e-05 1 
18.3595 -0.863879 -1.09214e-05 1 
19.5792 -0.910095 -1.17218e-05 1 
20.8011 -0.953099 -1.24667e-05 1 
22.0212 -0.992963 -1.31572e-05 1 
23.2423 -1.03059 -1.38089e-05 1 
24.4637 -1.06569 -1.44169e-05 1 
25.6849 -1.09805 -1.49774e-05 1 
26.9041 -1.12977 -1.55268e-05 1 
28.1254 -1.15667 -1.59927e-05 1 
29.3462 -1.18291 -1.64472e-05 1 
30.5658 -1.18291 0 -1.20801 
31.7877 -1.22857 7.58811e-06 10 
33.0066 -1.25042 7.20964e-06 10
34.2271 -1.27213 6.8335e-06 10 
35.4448 -1.29224 6.48527e-06 10 
36.6661 -1.31167 6.14864e-06 10 
37.8869 -1.33057 5.82135e-06 10 
39.1057 -1.3507  5.47271e-06 10 
40.3447 -1.36901 5.15563e-06 10
41.586  -1.38663 4.85044e-06 10 
42.8081 -1.40407 4.54824e-06 10
44.0278 -1.42072 4.25995e-06 10 
45.2448 -1.43577 3.99929e-06 10 
46.4657 -1.45002 3.75243e-06 10 
47.6837 -1.46371 3.51523e-06 10 
48.9045 -1.47807 3.26651e-06 10 
50.1527 -1.49266 3.01384e-06 10 
51.3717 -1.50613 2.78057e-06 10 
52.5909 -1.52019 2.53698e-06 10 
53.8101 -1.53418 2.29468e-06 10 
55.0286 -1.54908 2.03659e-06 10 
56.2509 -1.56366 1.78413e-06 10 
57.4699 -1.57748 1.5447e-06 10 
58.6916 -1.59102 1.31024e-06 10
59.9117 -1.60501 1.06801e-06 10 
61.1331 -1.61868 8.31141e-07 10 
62.3555 -1.63312 5.81037e-07 10 
63.5762 -1.64745 3.32809e-07 10 
64.7954 -1.66109 9.66139e-08 10 
66.0148 -1.67419 -1.30351e-07 10 
67.2348 -1.68762 -3.62961e-07 10 
68.4573 -1.70188 -6.09905e-07 10 
69.6787 -1.71548 -8.45425e-07 10 
70.9001 -1.7286 -1.0727e-06 10 
72.1225 -1.7425 -1.31348e-06 10 
73.3426 -1.75586 -1.5449e-06 10 
74.5653 -1.76778 -1.75138e-06 10 
75.7876 -1.77946 -1.95371e-06 10 
77.01 -1.79117 -2.15651e-06 10 
78.2296 -1.80272 -2.35659e-06 10 
79.4522 -1.81431 -2.55718e-06 10 
80.6706 -1.82619 -2.7631e-06 10 
81.8927 -1.83886 -2.98249e-06 10 
83.1129 -1.85132 -3.19824e-06 10 
84.3328 -1.86373 -3.4133e-06 10 
85.5529 -1.87637 -3.63219e-06 10 
86.7742 -1.88947 -3.85912e-06 10 
87.9957 -1.90172 -4.07123e-06 10 
89.2159 -1.91347 -4.27478e-06 10 
90.436 -1.92592 -4.49037e-06 10 
91.66 -1.93848 -4.70803e-06 10 
92.8809 -1.95019 -4.91083e-06 10 
94.099 -1.96221 -5.11902e-06 10 
95.341 -1.97411 -5.32504e-06 10 
96.5624 -1.98627 -5.53567e-06 10 
97.7874 -1.99974 -5.76904e-06 10 
99.0078 -2.01006 -5.94767e-06 10 
100.229 -2.02151 -6.14602e-06 10 
101.449 -2.03302 -6.34535e-06 10 
102.668 -2.04386 -6.5332e-06 10 
103.89 -2.05701 -6.76098e-06 10 
105.112 -2.06961 -6.97919e-06 10 
106.333 -2.08251 -7.20254e-06 10 
107.556 -2.0961 -7.43802e-06 10 
108.779 -2.10767 -7.63847e-06 10 
110.028 -2.11825 -7.82159e-06 10 
111.248 -2.12922 -8.01164e-06 10 
112.47 -2.14083 -8.21277e-06 10 
113.693 -2.15226 -8.41075e-06 10 
114.916 -2.16432 -8.61952e-06 10 
116.138 -2.17524 -8.80872e-06 10 
117.36 -2.18526 -8.98225e-06 10 
118.581 -2.19454 -9.14295e-06 10 
119.804 -2.20314 -9.29207e-06 10 
121.025 -2.20987 -9.4085e-06 10 
122.268 -2.21618 -9.51781e-06 10 
123.537 -2.22474 -9.66614e-06 10 
124.759 -2.23352 -9.81822e-06 10 