1e-06 -0.972893 -1.28095e-05 1 
1.20144 -0.967466 -1.27155e-05 1
2.44796 -0.961853 -1.26183e-05 1
3.66612 -0.957463 -1.25423e-05 1
4.89045 -0.952264 -1.24522e-05 1
6.11094 -0.947291 -1.23661e-05 1
7.33072 -0.94237 -1.22809e-05 1 
8.55116 -0.937495 -1.21964e-05 1
9.77214 -0.932431 -1.21087e-05 1
10.9964 -0.927473 -1.20228e-05 1
12.216 -0.923422 -1.19527e-05 1 
13.4373 -0.919906 -1.18918e-05 1
14.6566 -0.916618 -1.18348e-05 1
15.877 -0.913292 -1.17772e-05 1 
17.0966 -0.909741 -1.17157e-05 1
18.3189 -0.905531 -1.16428e-05 1
19.5375 -0.899111 -1.15316e-05 1
20.7613 -0.893469 -1.14339e-05 1
21.9855 -0.886907 -1.13202e-05 1
23.2039 -0.880684 -1.12124e-05 1
24.4227 -0.874854 -1.11115e-05 1
25.6447 -0.868643 -1.10039e-05 1
26.8668 -0.862924 -1.09048e-05 1
28.0871 -0.857315 -1.08077e-05 1
29.3069 -0.854146 -1.07528e-05 1
30.5255 -0.8514 -1.07052e-05 1 
31.7455 -0.846564 -1.06215e-05 1
32.9676 -0.839593 -1.05007e-05 1
34.1876 -0.832878 -1.03844e-05 1
35.4082 -0.82887 -1.0315e-05 1 
36.6313 -0.825744 -1.02609e-05 1
37.8556 -0.822238 -1.02001e-05 1
39.0782 -0.817741 -1.01222e-05 1
40.2998 -0.813989 -1.00572e-05 1
41.5209 -0.809984 -9.98788e-06 1
42.7432 -0.80457 -9.89411e-06 1 
43.9682 -0.798465 -9.78838e-06 1
45.191 -0.793203 -9.69723e-06 1 
46.4145 -0.788048 -9.60793e-06 1
47.6388 -0.782703 -9.51537e-06 1
48.863 -0.778038 -9.43456e-06 1 
50.0855 -0.773884 -9.36262e-06 1
51.3082 -0.770285 -9.30028e-06 1
52.5318 -0.765757 -9.22184e-06 1
53.7487 -0.762015 -9.15704e-06 1
54.9691 -0.758094 -9.08913e-06 1
56.2117 -0.753658 -9.01229e-06 1
57.4292 -0.74999 -8.94876e-06 1 
58.6499 -0.746164 -8.88248e-06 1 
59.871 -0.742709 -8.82264e-06 1 
61.0931 -0.739354 -8.76454e-06 1 
62.315 -0.735675 -8.70081e-06 1 
63.5325 -0.732322 -8.64274e-06 1 
64.7532 -0.729653 -8.59651e-06 1 
65.9745 -0.72666 -8.54467e-06 1 
67.1939 -0.722313 -8.46937e-06 1
68.4142 -0.717624 -8.38815e-06 1
69.6362 -0.714522 -8.33443e-06 1
70.8824 -0.717747 -8.39029e-06 1
72.1 -0.724606 -8.50908e-06 1 
73.3196 -0.732325 -8.64279e-06 1 
74.5388 -0.738721 -8.75358e-06 1
75.7577 -0.743138 -8.83008e-06 1
76.9822 -0.746685 -8.89151e-06 1
78.2035 -0.75012 -8.95101e-06 1 
79.4205 -0.753677 -9.01261e-06 1
80.6382 -0.756372 -9.0593e-06 1 
81.8609 -0.759348 -9.11084e-06 1
83.0812 -0.763349 -9.18013e-06 1
84.2997 -0.767187 -9.24662e-06 1
85.5197 -0.771925 -9.32868e-06 1
86.7406 -0.77651 -9.4081e-06 1
87.9601 -0.781035 -9.48647e-06 1
89.1823 -0.78468 -9.54961e-06 1
90.405 -0.787986 -9.60686e-06 1
91.6242 -0.790213 -9.64545e-06 1
92.8456 -0.792274 -9.68113e-06 1 
94.0639 -0.794777 -9.72448e-06 1
95.2823 -0.797518 -9.77197e-06 1
96.5006 -0.799648 -9.80886e-06 1
97.7192 -0.801325 -9.83791e-06 1
98.9455 -0.802922 -9.86557e-06 1
100.164 -0.804963 -9.90092e-06 1
101.382 -0.805749 -9.91453e-06 1
102.598 -0.802744 -9.86249e-06 1
103.817 -0.799161 -9.80042e-06 1 
105.038 -0.797991 -9.78016e-06 1
106.257 -0.79833 -9.78603e-06 1
107.475 -0.797526 -9.7721e-06 1
108.693 -0.795969 -9.74514e-06 1
109.915 -0.794819 -9.72522e-06 1
111.133 -0.79267 -9.68799e-06 1
112.353 -0.790639 -9.65282e-06 1
113.574 -0.788065 -9.60824e-06 1
114.794 -0.785982 -9.57215e-06 1
116.043 -0.783312 -9.52592e-06 1
117.263 -0.7819 -9.50146e-06 1 
118.482 -0.779967 -9.46798e-06 1
119.702 -0.77926 -9.45574e-06 1 
120.923 -0.778759 -9.44705e-06 1
122.144 -0.776832 -9.41368e-06 1
123.363 -0.774285 -9.36956e-06 1
124.582 -0.77181 -9.32669e-06 1
125.802 -0.769998 -9.2953e-06 1
127.026 -0.76883 -9.27508e-06 1
128.244 -0.768277 -9.26549e-06 1
129.463 -0.768195 -9.26407e-06 1
130.682 -0.766335 -9.23186e-06 1
131.928 -0.761743 -9.15233e-06 1
133.148 -0.756854 -9.06765e-06 1
134.366 -0.752471 -8.99173e-06 1
135.588 -0.74953 -8.94078e-06 1 
136.807 -0.74806 -8.91533e-06 1 
138.03 -0.747709 -8.90924e-06 1 
139.247 -0.747469 -8.90508e-06 1
140.465 -0.748142 -8.91675e-06 1
141.685 -0.748888 -8.92966e-06 1
142.908 -0.749548 -8.9411e-06 1 
144.129 -0.748865 -8.92928e-06 1 
145.35 -0.748843 -8.92889e-06 1
146.571 -0.748031 -8.91482e-06 1
147.791 -0.746426 -8.88703e-06 1
149.013 -0.745732 -8.87501e-06 1
150.232 -0.744182 -8.84816e-06 1
151.451 -0.742149 -8.81295e-06 1
152.673 -0.739916 -8.77427e-06 1
153.895 -0.738321 -8.74664e-06 1
155.116 -0.737427 -8.73115e-06 1
156.335 -0.736652 -8.71773e-06 1
157.554 -0.735673 -8.70077e-06 1
158.776 -0.734925 -8.68783e-06 1
159.998 -0.735184 -8.69231e-06 1