1053.0
349.0
349.0
348.0
348.0
349.0
349.0
348.0
348.0
348.0
349.0
349.0
349.0
348.0
349.0
349.0
349.0
349.0
348.0
348.0
349.0
0.0
0.0
348.0
349.0
349.0
349.0
348.0
348.0
349.0
348.0
348.0
348.0
348.0
349.0
349.0
348.0
348.0
348.0
348.0
349.0
349.0
349.0
348.0
348.0
348.0
348.0
348.0
348.0
348.0
1085.0
406.0
406.0
406.0
406.0
406.0
406.0
406.0
406.0
406.0
407.0
406.0
407.0
406.0
407.0
406.0
407.0
407.0
406.0
406.0
406.0
0.0
0.0
406.0
406.0
407.0
406.0
406.0
407.0
409.0
407.0
405.0
406.0
406.0
406.0
407.0
407.0
406.0
405.0
406.0
406.0
406.0
407.0
406.0
405.0
406.0
406.0
406.0
406.0
406.0
293.0
293.0
293.0
293.0
293.0
293.0
292.0
293.0
293.0
293.0
292.0
293.0
293.0
293.0
293.0
293.0
292.0
293.0
293.0
293.0
343.0
293.0
293.0
293.0
293.0
293.0
292.0
293.0
287.0
289.0
292.0
290.0
292.0
293.0
289.0
293.0
293.0
293.0
292.0
293.0
292.0
292.0
291.0
294.0
293.0
292.0
293.0
293.0
0.0
0.0
347.0
347.0
347.0
347.0
347.0
347.0
347.0
347.0
347.0
347.0
346.0
347.0
347.0
347.0
347.0
347.0
347.0
347.0
347.0
347.0
401.0
347.0
347.0
347.0
347.0
347.0
346.0
347.0
346.0
346.0
347.0
348.0
347.0
347.0
347.0
347.0
347.0
347.0
346.0
347.0
346.0
347.0
346.0
347.0
347.0
346.0
347.0
347.0
0.0
0.0
