1144.0
489.0
489.0
489.0
489.0
490.0
490.0
489.0
489.0
489.0
489.0
490.0
490.0
490.0
490.0
490.0
489.0
490.0
489.0
490.0
490.0
489.0
489.0
489.0
489.0
489.0
489.0
489.0
489.0
489.0
489.0
489.0
489.0
489.0
489.0
489.0
489.0
489.0
489.0
489.0
489.0
489.0
489.0
489.0
489.0
489.0
489.0
488.0
489.0
489.0
1174.0
545.0
545.0
545.0
545.0
545.0
545.0
545.0
545.0
545.0
545.0
545.0
546.0
546.0
546.0
545.0
545.0
546.0
545.0
545.0
545.0
545.0
545.0
545.0
545.0
545.0
545.0
545.0
545.0
544.0
544.0
545.0
545.0
545.0
545.0
545.0
545.0
545.0
544.0
545.0
545.0
545.0
545.0
545.0
545.0
545.0
544.0
544.0
545.0
545.0
435.0
436.0
435.0
436.0
436.0
436.0
436.0
435.0
436.0
436.0
436.0
436.0
435.0
437.0
436.0
435.0
436.0
436.0
435.0
436.0
436.0
435.0
436.0
435.0
435.0
435.0
436.0
435.0
436.0
435.0
435.0
436.0
436.0
435.0
435.0
436.0
436.0
435.0
436.0
435.0
436.0
436.0
435.0
435.0
435.0
435.0
435.0
435.0
0.0
0.0
486.0
487.0
486.0
486.0
487.0
487.0
487.0
487.0
487.0
487.0
487.0
487.0
486.0
488.0
487.0
486.0
487.0
487.0
486.0
487.0
487.0
486.0
487.0
486.0
486.0
486.0
486.0
486.0
487.0
487.0
487.0
487.0
487.0
486.0
486.0
487.0
487.0
487.0
487.0
486.0
487.0
487.0
486.0
486.0
487.0
486.0
486.0
486.0
0.0
0.0
