1062.0
922.0
921.0
922.0
922.0
922.0
922.0
922.0
923.0
923.0
923.0
923.0
923.0
923.0
923.0
923.0
923.0
923.0
923.0
923.0
923.0
923.0
923.0
923.0
923.0
923.0
923.0
923.0
923.0
923.0
923.0
923.0
923.0
923.0
923.0
923.0
923.0
923.0
922.0
923.0
923.0
923.0
923.0
923.0
923.0
923.0
923.0
923.0
923.0
923.0
1091.0
973.0
973.0
973.0
973.0
973.0
973.0
973.0
974.0
974.0
974.0
974.0
974.0
973.0
974.0
974.0
974.0
974.0
974.0
974.0
974.0
975.0
975.0
973.0
974.0
974.0
974.0
974.0
974.0
974.0
974.0
974.0
974.0
974.0
974.0
974.0
974.0
974.0
973.0
974.0
975.0
974.0
975.0
974.0
974.0
974.0
974.0
974.0
975.0
974.0
872.0
872.0
872.0
873.0
872.0
872.0
872.0
872.0
872.0
873.0
873.0
873.0
874.0
873.0
873.0
874.0
873.0
873.0
873.0
873.0
873.0
873.0
874.0
873.0
873.0
873.0
873.0
873.0
872.0
872.0
872.0
873.0
873.0
873.0
873.0
873.0
872.0
874.0
874.0
873.0
873.0
873.0
873.0
873.0
873.0
873.0
873.0
873.0
873.0
0.0
917.0
917.0
917.0
918.0
917.0
918.0
917.0
918.0
917.0
918.0
918.0
918.0
919.0
918.0
918.0
918.0
918.0
918.0
918.0
918.0
918.0
918.0
919.0
918.0
918.0
918.0
918.0
918.0
918.0
918.0
918.0
918.0
918.0
918.0
918.0
918.0
918.0
919.0
919.0
918.0
918.0
918.0
918.0
918.0
918.0
918.0
918.0
918.0
918.0
0.0
