1063.0
1120.0
1121.0
1121.0
1121.0
1121.0
1121.0
1121.0
1121.0
1121.0
1122.0
1122.0
1122.0
1122.0
1121.0
1122.0
1121.0
1122.0
1122.0
1122.0
1122.0
1122.0
1122.0
1122.0
1122.0
1122.0
1122.0
1122.0
1122.0
1121.0
1121.0
1122.0
1122.0
1122.0
1122.0
1122.0
1122.0
1122.0
1122.0
1122.0
1122.0
1122.0
1121.0
1122.0
1121.0
1121.0
1121.0
1121.0
1121.0
1121.0
1088.0
1169.0
1170.0
1170.0
1170.0
1170.0
1170.0
1170.0
1170.0
1170.0
1171.0
1171.0
1171.0
1171.0
1170.0
1170.0
1170.0
1171.0
1171.0
1172.0
1171.0
1171.0
1172.0
1171.0
1171.0
1171.0
1171.0
1171.0
1171.0
1171.0
1171.0
1171.0
1171.0
1171.0
1171.0
1171.0
1171.0
1170.0
1171.0
1171.0
1170.0
1170.0
1170.0
1171.0
1170.0
1170.0
1170.0
1169.0
1169.0
1170.0
1072.0
1073.0
1073.0
1072.0
1072.0
1072.0
1073.0
1072.0
1072.0
1073.0
1073.0
1073.0
1073.0
1073.0
1074.0
1073.0
1073.0
1073.0
1073.0
1073.0
1073.0
1074.0
1074.0
1073.0
1074.0
1073.0
1074.0
1073.0
1073.0
1073.0
1073.0
1073.0
1073.0
1073.0
1073.0
1074.0
1074.0
1073.0
1073.0
1073.0
1073.0
1072.0
1073.0
1072.0
1073.0
1073.0
1072.0
1072.0
0.0
0.0
1115.0
1115.0
1115.0
1115.0
1115.0
1115.0
1116.0
1115.0
1115.0
1116.0
1115.0
1116.0
1116.0
1116.0
1116.0
1116.0
1116.0
1116.0
1116.0
1116.0
1116.0
1116.0
1117.0
1116.0
1116.0
1116.0
1117.0
1116.0
1116.0
1116.0
1116.0
1116.0
1116.0
1116.0
1116.0
1116.0
1116.0
1115.0
1116.0
1115.0
1115.0
1115.0
1116.0
1115.0
1115.0
1116.0
1115.0
1115.0
0.0
0.0
