0
1212
1212
1213
1213
1213
1213
1213
1213
1212
1213
1212
1212
1213
1213
1212
1212
1212
1213
1213
1214
1213
1212
1213
1213
1212
1212
1212
1212
1212
1211
1211
1212
1212
1211
1212
1211
1212
1211
1212
1212
1212
1212
1212
1211
1211
1212
1211
1211
1212
0
1261
1261
1262
1261
1261
1262
1262
1262
1261
1261
1261
1261
1261
1261
1261
1261
1261
1261
1261
1262
1261
1261
1262
1261
1261
1261
1261
1261
1260
1260
1260
1261
1260
1260
1261
1260
1260
1260
1261
1261
1261
1261
1261
1260
1261
1261
1260
1260
1261
0
1163
1164
1165
1165
1164
1165
1164
1165
1164
1164
1163
1164
1164
1165
1164
1164
1164
1164
1164
1166
1164
1165
1164
1164
1164
1164
1164
1164
1164
1164
1163
1163
1163
1163
1163
1164
1163
1164
1164
1163
1164
1164
1164
1164
1163
1165
1164
1163
1164
0
1206
1206
1207
1207
1206
1207
1207
1206
1206
1206
1206
1206
1207
1207
1206
1206
1206
1206
1206
1207
1206
1207
1206
1206
1206
1206
1206
1206
1206
1206
1205
1205
1205
1205
1205
1206
1206
1206
1205
1205
1206
1206
1206
1205
1205
1206
1206
1206
1206
