1065.0
633.0
633.0
633.0
633.0
633.0
633.0
633.0
633.0
633.0
633.0
633.0
633.0
633.0
632.0
633.0
633.0
633.0
633.0
633.0
633.0
633.0
633.0
633.0
633.0
633.0
633.0
633.0
633.0
633.0
632.0
633.0
633.0
633.0
633.0
633.0
632.0
633.0
632.0
632.0
633.0
633.0
632.0
632.0
633.0
633.0
632.0
633.0
632.0
632.0
1091.0
687.0
687.0
687.0
687.0
687.0
687.0
687.0
687.0
687.0
687.0
687.0
687.0
687.0
685.0
688.0
686.0
686.0
687.0
687.0
687.0
687.0
687.0
687.0
687.0
687.0
687.0
686.0
687.0
687.0
686.0
687.0
687.0
687.0
687.0
687.0
687.0
687.0
686.0
686.0
686.0
687.0
686.0
687.0
687.0
687.0
686.0
687.0
686.0
687.0
580.0
582.0
581.0
582.0
581.0
580.0
581.0
581.0
581.0
581.0
581.0
581.0
581.0
581.0
581.0
582.0
582.0
581.0
581.0
580.0
581.0
580.0
582.0
581.0
581.0
581.0
581.0
581.0
581.0
580.0
580.0
581.0
580.0
580.0
581.0
580.0
581.0
580.0
581.0
581.0
581.0
580.0
580.0
581.0
580.0
581.0
581.0
580.0
581.0
0.0
630.0
630.0
630.0
630.0
629.0
629.0
630.0
630.0
630.0
630.0
630.0
630.0
629.0
629.0
629.0
630.0
629.0
630.0
630.0
630.0
629.0
629.0
630.0
629.0
629.0
630.0
630.0
629.0
629.0
629.0
629.0
629.0
629.0
629.0
629.0
629.0
629.0
629.0
630.0
629.0
630.0
629.0
629.0
630.0
629.0
630.0
630.0
629.0
629.0
0.0
