0.0
688.0
689.0
689.0
689.0
689.0
689.0
688.0
688.0
688.0
689.0
688.0
689.0
689.0
689.0
688.0
688.0
688.0
689.0
688.0
688.0
689.0
688.0
688.0
688.0
688.0
689.0
688.0
689.0
688.0
689.0
688.0
689.0
688.0
689.0
688.0
688.0
688.0
689.0
688.0
0.0
0.0
689.0
688.0
688.0
688.0
688.0
688.0
688.0
688.0
0.0
742.0
742.0
742.0
742.0
742.0
742.0
742.0
742.0
742.0
742.0
742.0
742.0
742.0
742.0
742.0
741.0
742.0
742.0
742.0
742.0
742.0
742.0
742.0
742.0
742.0
742.0
742.0
742.0
742.0
742.0
742.0
742.0
742.0
742.0
741.0
742.0
742.0
742.0
742.0
0.0
0.0
742.0
742.0
741.0
741.0
741.0
741.0
741.0
742.0
658.0
607.0
607.0
607.0
3.0
638.0
637.0
637.0
637.0
636.0
637.0
638.0
636.0
637.0
636.0
636.0
637.0
637.0
636.0
637.0
637.0
637.0
638.0
637.0
637.0
636.0
637.0
637.0
637.0
637.0
637.0
637.0
638.0
637.0
3.0
637.0
637.0
637.0
638.0
637.0
637.0
637.0
638.0
637.0
637.0
637.0
637.0
637.0
637.0
637.0
637.0
655.0
656.0
656.0
5.0
685.0
685.0
685.0
685.0
684.0
685.0
685.0
684.0
685.0
684.0
684.0
684.0
685.0
684.0
685.0
685.0
685.0
685.0
685.0
685.0
684.0
685.0
685.0
685.0
685.0
685.0
684.0
686.0
685.0
5.0
685.0
685.0
685.0
685.0
685.0
685.0
685.0
685.0
685.0
685.0
685.0
685.0
685.0
685.0
685.0
