1065.0
779.0
779.0
779.0
780.0
779.0
780.0
779.0
779.0
779.0
779.0
778.0
779.0
779.0
778.0
778.0
778.0
777.0
777.0
777.0
778.0
777.0
778.0
778.0
777.0
778.0
778.0
778.0
778.0
778.0
778.0
778.0
778.0
777.0
778.0
779.0
778.0
778.0
778.0
779.0
779.0
779.0
778.0
779.0
778.0
778.0
778.0
778.0
778.0
0.0
1092.0
831.0
831.0
832.0
832.0
831.0
831.0
831.0
831.0
832.0
831.0
831.0
831.0
830.0
831.0
831.0
831.0
830.0
829.0
830.0
829.0
829.0
831.0
830.0
830.0
830.0
830.0
830.0
830.0
831.0
831.0
830.0
830.0
830.0
831.0
831.0
830.0
830.0
830.0
831.0
831.0
833.0
830.0
831.0
831.0
830.0
830.0
831.0
831.0
0.0
728.0
729.0
728.0
728.0
728.0
728.0
729.0
728.0
728.0
727.0
727.0
728.0
727.0
727.0
727.0
727.0
728.0
727.0
727.0
728.0
727.0
727.0
727.0
727.0
727.0
729.0
728.0
728.0
727.0
727.0
728.0
727.0
727.0
727.0
728.0
728.0
727.0
727.0
727.0
727.0
728.0
727.0
727.0
728.0
727.0
728.0
728.0
727.0
727.0
0.0
774.0
775.0
775.0
775.0
775.0
774.0
775.0
774.0
775.0
774.0
774.0
775.0
774.0
774.0
774.0
774.0
774.0
774.0
774.0
773.0
774.0
774.0
774.0
774.0
774.0
774.0
774.0
774.0
773.0
773.0
774.0
774.0
774.0
774.0
774.0
775.0
774.0
774.0
774.0
774.0
774.0
774.0
774.0
775.0
774.0
774.0
774.0
774.0
774.0
0.0
