1067.0
1267.0
1267.0
1266.0
0.0
0.0
1267.0
1266.0
1267.0
1267.0
1267.0
1267.0
1266.0
1267.0
1267.0
1267.0
1266.0
1266.0
1266.0
1267.0
1266.0
1267.0
1267.0
1266.0
1267.0
1267.0
1267.0
1267.0
1267.0
1266.0
1266.0
1267.0
1267.0
1267.0
1267.0
1267.0
1266.0
1266.0
1266.0
1266.0
1266.0
1266.0
1266.0
1266.0
1266.0
1266.0
1266.0
1266.0
1266.0
1267.0
1088.0
1315.0
1315.0
1314.0
0.0
0.0
1315.0
1314.0
1314.0
1315.0
1315.0
1315.0
1314.0
1315.0
1315.0
1314.0
1314.0
1314.0
1314.0
1315.0
1315.0
1314.0
1315.0
1314.0
1315.0
1315.0
1315.0
1315.0
1315.0
1314.0
1314.0
1315.0
1315.0
1314.0
1315.0
1314.0
1314.0
1314.0
1314.0
1314.0
1314.0
1314.0
1313.0
1314.0
1313.0
1314.0
1314.0
1314.0
1313.0
1314.0
1219.0
1218.0
1219.0
1261.0
1219.0
1220.0
1220.0
1219.0
1219.0
1219.0
1219.0
1219.0
1219.0
1219.0
1219.0
1219.0
1218.0
1219.0
1219.0
1219.0
1219.0
1219.0
1219.0
1219.0
1219.0
1219.0
1219.0
1218.0
1219.0
1219.0
1219.0
1219.0
1218.0
1218.0
1218.0
1219.0
1218.0
1218.0
1219.0
1219.0
1218.0
1217.0
1218.0
1219.0
1218.0
1218.0
1219.0
1219.0
0.0
0.0
1260.0
1260.0
1260.0
1309.0
1260.0
1260.0
1260.0
1260.0
1260.0
1260.0
1261.0
1261.0
1260.0
1260.0
1260.0
1259.0
1259.0
1260.0
1260.0
1261.0
1260.0
1260.0
1260.0
1260.0
1261.0
1260.0
1260.0
1260.0
1260.0
1260.0
1260.0
1260.0
1260.0
1259.0
1259.0
1260.0
1260.0
1259.0
1260.0
1260.0
1259.0
1259.0
1259.0
1260.0
1259.0
1259.0
1260.0
1259.0
0.0
0.0
