223.0
545.0
545.0
545.0
545.0
545.0
545.0
545.0
545.0
545.0
545.0
544.0
545.0
545.0
545.0
545.0
545.0
545.0
545.0
545.0
545.0
545.0
545.0
545.0
545.0
545.0
545.0
545.0
545.0
545.0
545.0
545.0
545.0
544.0
545.0
545.0
545.0
545.0
544.0
544.0
544.0
545.0
544.0
544.0
545.0
544.0
544.0
544.0
544.0
544.0
1088.0
601.0
600.0
600.0
600.0
600.0
600.0
601.0
600.0
600.0
600.0
600.0
600.0
601.0
600.0
600.0
600.0
601.0
600.0
601.0
600.0
600.0
600.0
600.0
600.0
600.0
600.0
600.0
600.0
600.0
600.0
600.0
600.0
600.0
600.0
600.0
600.0
600.0
599.0
600.0
599.0
600.0
599.0
600.0
600.0
600.0
599.0
600.0
600.0
600.0
0.0
492.0
492.0
492.0
492.0
493.0
492.0
492.0
492.0
492.0
493.0
492.0
492.0
492.0
494.0
492.0
493.0
492.0
492.0
492.0
492.0
492.0
492.0
492.0
492.0
493.0
492.0
492.0
492.0
492.0
492.0
492.0
492.0
492.0
491.0
491.0
492.0
492.0
492.0
492.0
491.0
491.0
492.0
491.0
491.0
491.0
492.0
491.0
492.0
0.0
10.0
543.0
543.0
542.0
543.0
543.0
542.0
542.0
542.0
542.0
543.0
542.0
542.0
542.0
543.0
543.0
543.0
542.0
542.0
543.0
542.0
542.0
542.0
542.0
542.0
543.0
542.0
543.0
542.0
542.0
542.0
542.0
542.0
542.0
542.0
542.0
542.0
542.0
542.0
542.0
542.0
542.0
542.0
542.0
542.0
542.0
542.0
541.0
542.0
0.0
