1056.0
1068.0
1068.0
1067.0
1068.0
1067.0
1067.0
1067.0
1067.0
1068.0
1068.0
1067.0
1067.0
1067.0
1067.0
1067.0
1067.0
1067.0
1067.0
1067.0
1067.0
1067.0
1066.0
1067.0
1066.0
1067.0
1067.0
1067.0
1067.0
1067.0
1067.0
1067.0
1068.0
1067.0
1067.0
1067.0
1067.0
1067.0
1067.0
1067.0
1067.0
1067.0
1067.0
1068.0
1067.0
1067.0
1067.0
1066.0
1066.0
1067.0
1087.0
1118.0
1117.0
1117.0
1118.0
1117.0
1117.0
1117.0
1117.0
1118.0
1118.0
1117.0
1117.0
1117.0
1117.0
1117.0
1116.0
1117.0
1117.0
1116.0
1117.0
1117.0
1116.0
1117.0
1116.0
1116.0
1117.0
1116.0
1117.0
1116.0
1117.0
1117.0
1118.0
1117.0
1117.0
1117.0
1117.0
1117.0
1117.0
1117.0
1117.0
1117.0
1117.0
1117.0
1117.0
1117.0
1116.0
1116.0
1115.0
1116.0
1018.0
1018.0
1018.0
1019.0
1019.0
1018.0
1018.0
1019.0
1019.0
1018.0
1019.0
1019.0
1019.0
1018.0
1018.0
1017.0
1018.0
1018.0
1018.0
1018.0
1017.0
1018.0
1018.0
1018.0
1017.0
1017.0
1018.0
1018.0
1019.0
1018.0
1018.0
1018.0
1018.0
1018.0
1018.0
1019.0
1018.0
1019.0
1019.0
1018.0
1017.0
1018.0
1018.0
1018.0
1019.0
1018.0
1018.0
1020.0
1018.0
0.0
1061.0
1062.0
1062.0
1062.0
1062.0
1062.0
1062.0
1062.0
1062.0
1062.0
1062.0
1062.0
1062.0
1062.0
1061.0
1061.0
1061.0
1061.0
1061.0
1061.0
1061.0
1061.0
1061.0
1061.0
1061.0
1061.0
1061.0
1061.0
1062.0
1062.0
1062.0
1062.0
1062.0
1062.0
1062.0
1062.0
1061.0
1062.0
1062.0
1062.0
1061.0
1062.0
1062.0
1062.0
1062.0
1061.0
1062.0
1062.0
1062.0
0.0
