1075
79
1359
1359
1359
1359
1359
1359
1359
1359
1359
1359
1359
1358
1359
1359
1358
1358
1358
1358
1358
1358
1358
1359
1357
1358
1359
1358
1357
1358
1359
1358
1358
1358
1358
1358
1358
1358
1359
1358
1359
1358
1359
1359
1359
1359
1359
1359
1359
1359
1107
116
1406
1406
1407
1406
1407
1406
1407
1407
1407
1406
1406
1406
1407
1406
1405
1407
1406
1406
1405
1406
1405
1404
1405
1404
1405
1405
1405
1405
1405
1405
1406
1405
1406
1405
1405
1405
1405
1406
1406
1406
1406
1406
1406
1406
1407
1407
1406
1406
1311
1312
1312
1312
1312
1311
1311
1311
1311
1312
1312
1311
1313
1312
1311
1312
1310
1311
1311
1310
1311
1311
1311
1311
1310
1311
1311
1310
1312
1310
1310
1310
1310
1310
1311
1311
1310
1311
1311
1310
1310
1312
1312
1311
1312
1312
1312
1311
0
0
1352
1352
1352
1352
1353
1352
1352
1352
1352
1352
1352
1352
1353
1352
1352
1352
1351
1352
1352
1351
1351
1352
1351
1351
1351
1351
1351
1351
1352
1351
1351
1351
1351
1351
1351
1351
1351
1352
1351
1352
1352
1352
1353
1352
1352
1352
1352
1352
0
0
