0 -0.969924 -1.27581e-05 1 
1.20137 -0.968181 -1.27279e-05 1 
2.4545 -0.966425 -1.26975e-05 1 
3.67668 -0.966352 -1.26963e-05 1 
4.89708 -0.965325 -1.26785e-05 1 
6.11637 -0.964878 -1.26707e-05 1 
7.33552 -0.963834 -1.26526e-05 1 
8.55761 -0.962129 -1.26231e-05 1 
9.77946 -0.960647 -1.25974e-05 1 
11.0013 -0.95987 -1.2584e-05 1 
12.2212 -0.959115 -1.25709e-05 1 
13.4712 -0.958625 -1.25624e-05 1 
14.6917 -0.958076 -1.25529e-05 1 
15.9136 -0.956417 -1.25242e-05 1 
17.1362 -0.95437 -1.24887e-05 1 
18.3586 -0.952961 -1.24643e-05 1 
19.5837 -0.952854 -1.24625e-05 1 
20.8062 -0.953222 -1.24688e-05 1 
22.028 -0.953632 -1.24759e-05 1 
23.2532 -0.954267 -1.24869e-05 1 
24.4754 -0.954643 -1.24934e-05 1 
25.6971 -0.954773 -1.24957e-05 1 
26.9208 -0.955051 -1.25005e-05 1 
28.1408 -0.955249 -1.25039e-05 1 
29.3766 -0.97439 -1.28355e-05 1 
30.622 -1.05475 -1.42274e-05 1 
31.8399 -1.12967 -1.5525e-05 1 
33.0607 -1.19936 -1.6732e-05 1 
34.3043 -1.19936 0 -1.26607 
35.5313 -1.32034 5.99853e-06 
36.7717 -1.37434 5.06326e-06 
38.0115 -1.42489 4.18766e-06 
39.2537 -1.47275 3.35872e-06 
40.4732 -1.51685 2.59496e-06 
41.6979 -1.55825 1.87786e-06 
42.9186 -1.59664 1.21281e-06 
44.1398 -1.6314 6.10774e-07 
45.3638 -1.66137 9.17824e-08  
46.5876 -1.69051 -4.13014e-07  
47.8098 -1.71984 -9.20934e-07 
49.0276 -1.74744 -1.39912e-06 
50.2486 -1.77205 -1.82537e-06 
51.4706 -1.79491 -2.22131e-06 
52.6863 -1.8168 -2.60042e-06 10 
53.905 -1.83892 -2.98353e-06 10 
55.1209 -1.86048 -3.357e-06 10 
56.3392 -1.8801 -3.69681e-06 10 
57.5579 -1.8985 -4.01544e-06 10 
58.7754 -1.917 -4.33596e-06 10 
60.0172 -1.93508 -4.64899e-06 10 
61.2373 -1.95223 -4.94604e-06 10 
62.4613 -1.96849 -5.22779e-06 10 
63.6833 -1.98278 -5.47517e-06 10 
64.9038 -1.99699 -5.7213e-06 10 
66.1238 -2.0108 -5.96049e-06 10 
67.3436 -2.02428 -6.19402e-06 10 
68.5634 -2.03743 -6.42172e-06 10 
69.7825 -2.0511 -6.65859e-06 10 
71.0034 -2.06462 -6.89282e-06 10 
72.2245 -2.07757 -7.1171e-06 10 
73.4763 -2.09145 -7.35754e-06 10 
74.6989 -2.1045 -7.58345e-06 10 
75.9166 -2.11719 -7.80334e-06 10 
77.1378 -2.12909 -8.00948e-06 10 
78.3586 -2.14074 -8.2112e-06 10 
79.5793 -2.15213 -8.40839e-06 10 
80.7997 -2.16336 -8.60305e-06 10 
82.02 -2.17457 -8.79714e-06 10 
83.243 -2.18516 -8.98062e-06 10 
84.4658 -2.19569 -9.16303e-06 10 
85.6865 -2.20657 -9.35147e-06 10 
86.9309 -2.21759 -9.54224e-06 10 
88.1488 -2.22853 -9.73179e-06 10 
89.3716 -2.23902 -9.91338e-06 10 
90.5965 -2.24882 -1.00832e-05 10 
91.8198 -2.2584 -1.02491e-05 10 
93.0416 -2.26739 -1.04048e-05 10 
94.2615 -2.27666 -1.05654e-05 10 
95.4865 -2.28548 -1.07181e-05 10 
96.7048 -2.29393 -1.08646e-05 10 
97.9246 -2.3034 -1.10286e-05 10 
99.1477 -2.31362 -1.12056e-05 10 
100.366 -2.32374 -1.13809e-05 10 
101.587 -2.33406 -1.15596e-05 10 
102.807 -2.34481 -1.17458e-05 10 
104.027 -2.35412 -1.1907e-05 10 
105.247 -2.36292 -1.20595e-05 10 
106.47 -2.37004 -1.21828e-05 10 
107.69 -2.37679 -1.22997e-05 10 
108.911 -2.38566 -1.24533e-05 10 
110.13 -2.39506 -1.26161e-05 10 
111.352 -2.40436 -1.27773e-05 10 
112.575 -2.41248 -1.29179e-05 10 
113.795 -2.42205 -1.30836e-05 10 
115.018 -2.43301 -1.32735e-05 10 
116.237 -2.44149 -1.34202e-05 10 
117.459 -2.45138 -1.35916e-05 10 
118.681 -2.46245 -1.37834e-05 10 
119.925 -2.47289 -1.39642e-05 10 
121.147 -2.48306 -1.41403e-05 10 
122.373 -2.49283 -1.43095e-05 10 
123.595 -2.5032 -1.44892e-05 10 
124.816 -2.51339 -1.46656e-05 10
126.04 -2.52397 -1.48489e-05 10 
127.262 -2.53391 -1.5021e-05 10
128.483 -2.5434 -1.51854e-05 10 
129.704 -2.55318 -1.53549e-05 10 
130.925 -2.56259 -1.55178e-05 10 
132.146 -2.57155 -1.5673e-05 10 
133.371 -2.58003 -1.58199e-05 10 
134.595 -2.58934 -1.59811e-05 10 
135.817 -2.59857 -1.6141e-05 10 
137.039 -2.60649 -1.62782e-05 10 
138.29 -2.61271 -1.63859e-05 10 
139.512 -2.62024 -1.65163e-05 10 
140.734 -2.62829 -1.66557e-05 10 
141.956 -2.63648 -1.67976e-05 10 
143.178 -2.64429 -1.69329e-05 10 
144.401 -2.65212 -1.70685e-05 10 
145.626 -2.66018 -1.72082e-05 10 
146.85 -2.66771 -1.73387e-05 10 
148.074 -2.6738 -1.74441e-05 10 
149.297 -2.68084 -1.7566e-05 10 
150.523 -2.68722 -1.76765e-05 10 
151.745 -2.69239 -1.77661e-05 10 
152.968 -2.69756 -1.78557e-05 10 
154.19 -2.70334 -1.79557e-05 10 
155.412 -2.70864 -1.80476e-05 10 
156.634 -2.71401 -1.81405e-05 10