0 -0.0518324 5.24454e-07 0.1 0.100000

1.20126 -0.0512957 5.39947e-07 0.1 0.100000

2.44425 -0.0510189 5.47936e-07 0.1 0.100000

3.66776 -0.051177 5.43375e-07 0.1 0.100000

4.88773 -0.050355 5.67102e-07 0.1 0.100000

6.10925 -0.0491274 6.0254e-07 0.1 0.100000

7.32757 -0.0478448 6.39566e-07 0.1 0.100000

8.5479 -0.04715 6.59623e-07 0.1 0.100000

9.76349 -0.0461344 6.88939e-07 0.1 0.100000

10.9832 -0.0462643 6.8519e-07 0.1 0.100000

12.2032 -0.0456916 7.01724e-07 0.1 0.100000

13.4185 -0.0456086 7.0412e-07 0.1 0.100000

14.6388 -0.0442084 7.4454e-07 0.1 0.100000

15.8578 -0.0431111 7.76216e-07 0.1 0.100000

17.077 -0.0420014 8.08251e-07 0.1 0.100000

18.2964 -0.0412798 8.29081e-07 0.1 0.100000

19.5159 -0.0402597 8.58527e-07 0.1 0.100000

20.7349 -0.0390719 8.92817e-07 0.1 0.100000

21.9538 -0.0382575 9.16326e-07 0.1 0.100000

23.1763 -0.0374062 9.40903e-07 0.1 0.100000

24.3973 -0.0359626 9.82575e-07 0.1 0.100000

25.6159 -0.0351236 1.0068e-06 0.1 0.100000

26.8366 -0.0339008 1.0421e-06 0.1 0.100000

28.0573 -0.0331876 1.06268e-06 0.1 0.100000

29.2783 -0.032918 1.07046e-06 0.1 0.100000

30.4999 -0.0323269 1.08753e-06 0.1 0.100000

31.7219 -0.0316059 1.10834e-06 0.1 0.100000

32.9396 -0.0313558 1.11556e-06 0.1 0.100000

34.1574 -0.0316096 1.10824e-06 0.1 0.100000

35.3761 -0.0321016 1.09403e-06 0.1 0.100000

36.5955 -0.031885 1.10028e-06 0.1 0.100000

37.8131 -0.0316161 1.10805e-06 0.1 0.100000

39.0301 -0.0312275 1.11926e-06 0.1 0.100000

40.2487 -0.0337208 1.04729e-06 0.1 0.100000

41.467 -0.0354763 9.96612e-07 0.1 0.100000

42.6851 -0.0361735 9.76487e-07 0.1 0.100000

43.9061 -0.0380348 9.22757e-07 0.1 0.100000

45.125 -0.0387082 9.03315e-07 0.1 0.100000

46.3427 -0.0389436 8.9652e-07 0.1 0.100000

47.5595 -0.038092 9.21106e-07 0.1 0.100000

48.7771 -0.0377664 9.30503e-07 0.1 0.100000

49.9964 -0.0372884 9.44302e-07 0.1 0.100000

51.2139 -0.0370551 9.51036e-07 0.1 0.100000

52.4495 -0.0371233 9.49069e-07 0.1 0.100000

53.6658 -0.0383109 9.14785e-07 0.1 0.100000

54.8825 -0.0385432 9.08079e-07 0.1 0.100000

56.1036 -0.0381633 9.19048e-07 0.1 0.100000

57.321 -0.0376087 9.35058e-07 0.1 0.100000

58.5383 -0.0367847 9.58842e-07 0.1 0.100000

59.7568 -0.0361549 9.77023e-07 0.1 0.100000

60.9783 -0.0364557 9.68342e-07 0.1 0.100000

62.1935 -0.0355519 9.94432e-07 0.1 0.100000

63.4125 -0.0353622 9.99908e-07 0.1 0.100000

64.6315 -0.0336601 1.04904e-06 0.1 0.100000

65.8485 -0.0318108 1.10243e-06 0.1 0.100000

67.0666 -0.0304082 1.14292e-06 0.1 0.100000

68.2829 -0.0299671 1.15565e-06 0.1 0.100000

69.4996 -0.0289812 1.18411e-06 0.1 0.100000

70.7164 -0.0271161 1.23795e-06 0.1 0.100000

71.9361 -0.0257377 1.27774e-06 0.1 0.100000

73.1561 -0.025013 1.29866e-06 0.1 0.100000

74.3762 -0.024054 1.32635e-06 0.1 0.100000

75.5943 -0.0226449 1.36702e-06 0.1 0.100000

76.813 -0.0221695 1.38075e-06 0.1 0.100000

78.0321 -0.0206279 1.42525e-06 0.1 0.100000

79.2532 -0.0206186 1.42552e-06 0.1 0.100000

80.4745 -0.0198943 1.44643e-06 0.1 0.100000

81.6942 -0.0192685 1.46449e-06 0.1 0.100000

82.9146 -0.019497 1.4579e-06 0.1 0.100000

84.1345 -0.0194509 1.45923e-06 0.1 0.100000

85.3544 -0.0186654 1.4819e-06 0.1 0.100000

86.575 -0.018471 1.48751e-06 0.1 0.100000

87.7952 -0.0188849 1.47557e-06 0.1 0.100000

89.0164 -0.0190576 1.47058e-06 0.1 0.100000

90.2362 -0.0182999 1.49245e-06 0.1 0.100000

91.4574 -0.0173714 1.51926e-06 0.1 0.100000

92.6782 -0.0170591 1.52827e-06 0.1 0.100000

93.8997 -0.0165321 1.54348e-06 0.1 0.100000

95.1206 -0.0160293 1.558e-06 0.1 0.100000

96.3417 -0.0162354 1.55205e-06 0.1 0.100000

97.561 -0.0165371 1.54334e-06 0.1 0.100000

98.7801 -0.0178431 1.50564e-06 0.1 0.100000

100.008 -0.0179125 1.50364e-06 0.1 0.100000

101.227 -0.0186396 1.48265e-06 0.1 0.100000

102.448 -0.0180786 1.49884e-06 0.1 0.100000

103.666 -0.0171785 1.52483e-06 0.1 0.100000

104.883 -0.0166202 1.54094e-06 0.1 0.100000

106.105 -0.0165563 1.54279e-06 0.1 0.100000

107.322 -0.01603 1.55798e-06 0.1 0.100000

108.541 -0.0160093 1.55858e-06 0.1 0.100000

109.761 -0.0166452 1.54022e-06 0.1 0.100000

110.981 -0.0171912 1.52446e-06 0.1 0.100000

112.199 -0.0179357 1.50297e-06 0.1 0.100000

113.42 -0.0181437 1.49696e-06 0.1 0.100000

114.64 -0.0187077 1.48068e-06 0.1 0.100000

115.861 -0.0188645 1.47615e-06 0.1 0.100000

117.082 -0.0188938 1.47531e-06 0.1 0.100000

118.302 -0.0187006 1.48089e-06 0.1 0.100000

119.524 -0.018902 1.47507e-06 0.1 0.100000

120.745 -0.018933 1.47418e-06 0.1 0.100000

121.968 -0.018987 1.47262e-06 0.1 0.100000

123.188 -0.0145027 1.60207e-06 0.1 0.100000

124.408 -0.0118871 1.67757e-06 0.1 0.100000

125.63 -0.00870032 1.76957e-06 0.1 0.100000

126.847 -0.00728642 1.81038e-06 0.1 0.100000

128.064 -0.00560329 1.85897e-06 0.1 0.100000

129.287 -0.00396972 1.90613e-06 0.1 0.100000

130.507 -0.00285227 1.93839e-06 0.1 0.100000

131.726 -0.0012629 1.98427e-06 0.1 0.100000

132.945 -0.000420006 2.0086e-06 0.1 0.100000

134.163 -0.000183823 2.01542e-06 0.1 0.100000

135.382 -0.000219672 2.01438e-06 0.1 0.100000

136.6 -0.000237846 2.01386e-06 0.1 0.100000

137.818 -0.00209975 1.96011e-06 0.1 0.100000

139.035 -0.00339001 1.92286e-06 0.1 0.100000

140.251 -0.00391387 1.90774e-06 0.1 0.100000

141.468 -0.00462908 1.8871e-06 0.1 0.100000

142.686 -0.00451496 1.89039e-06 0.1 0.100000

143.907 -0.0041631 1.90055e-06 0.1 0.100000

145.124 -0.00402162 1.90463e-06 0.1 0.100000

146.34 -0.00409599 1.90248e-06 0.1 0.100000

147.608 -0.00419921 1.89951e-06 0.1 0.100000

