0.0983 0.013 0.790 0.108 0.001 0.000136
0.0983 0.013 0.790 0.108 0.0005 0.000068
0.0983 0.013 0.786 0.108 0.0002 0.000027
0.0983 0.013 0.782 0.108 0.0001 0.0000132
0.0983 0.013 0.764 0.108 0.00005 0.0000068
0.0993 0.013 0.679 0.108 0.00002 0.0000028
0.1003 0.013 0.518 0.072 0.00001 0.00000132
0.1007 0.014 0.313 0.045 0.000005 0.0000007
0.1007 0.014 0.140 0.023 0.000002 0.00000028
0.0983 0.013 0.727 0.112 0.000028 0.0000039
0.0991 0.014 0.595 0.086 0.0000133 0.00000184
0.1007 0.014 0.393 0.060 0.00000666 0.00000088

