0.995 0.14 0.008 0.002 0.019997 0.0034 0.0049 0.0034
0.996 0.14 0.02	0.003 0.01 0.00168 0.0024 0.00168
0.995 0.14 0.047 0.006 0.005 0.00088 0.00118 0.00088
0.991 0.14 0.15 0.021 0.002 0.0004 0.00043 0.0004
0.974 0.14 0.299 0.043 0.001 0.0002 0.000163 0.0002
0.934 0.14 0.451 0.066 0.0005 0.00009 -0.000049 0.00009
0.991 0.14 0.130 0.018 0.0002 0.00003 -0.000043 0.00003
0.991 0.14 0.064 0.009 0.0001 0.000017 -0.000023 0.000017
0.991 0.14 0.031 0.005 0.00005 0.000008 -0.000012 0.000008
0.991 0.14 0.011 0.002 0.00002 0.000004 -0.000005 0.000004
