995.3   132    25.5   4   0.0033      0.00044     0.000813    0.00044
994.3   132    41.97  6   0.002       0.000260    0.000487    0.000260
985.0   132   119.0  16   0.001       0.000140    0.000228    0.000140
907.4   132   320.2  45   0.0005      0.000078    0.000093    0.000078
868.3   132   393.0  54   0.0002      0.000032   -0.000033    0.000032
973.0   132   153.0  21   0.0001      0.000015   -0.0000216   0.000015
981.7   132    72.0  10   0.00005     0.0000076  -0.0000113   0.0000076
992.3   132    32.0   5   0.00002     0.0000030  -0.0000046   0.0000030
992.3   132    63.7   9   0.002       0.000310    0.000478    0.000310
981.7   132   135.2  19   0.001       0.000156    0.0002267   0.000156

647.0    88   439.0  62   0.0003333   0.000052    0.0000335   0.000052