777.2  108  254.7  36   0.0005      0.000086    0.0000403   0.000086

767.2  108  251.2  36   0.0005      0.000080    0.0000407   0.000080

786.3  120  250.7  38   0.0005      0.000080    0.0000406   0.000080

751.1  108  259.1  36   0.0004349   0.000074    0.0000015   0.000074

751.1  108  259.1  36   0.0004349   0.000074    0.0000015   0.000074
768.5  108  245.0  35   0.0004      0.000070   -0.0000163   0.000070

973.7  140   53.4   8   0.000100    0.000020   -0.0000185   0.000020

786.3  120  250.7  38   0.0005      0.000080    0.0000406   0.000080

978.0  144   53.4   8   0.0001      0.000020   -0.0000185   0.000020



990.6  140   40.3   6   0.002       0.000320    0.000480    0.000320
971.0  160   54.0   9   0.0001      0.0000164  -0.0000184   0.0000164