996.0  164   37.9   6      0.002      0.000340     0.0004874  0.000340
982.0  164   80.0  14      0.001      0.000176     0.000234   0.000176
935.0  152  195.8  32      0.0005     0.000096     0.000103   0.000096
838.6  140  286.5  47      0.0002     0.000033    -0.000034   0.000033
972.0  156  105    17      0.0001     0.0000168   -0.0000218  0.0000168
704.2  116  381    64      0.0003333  0.000056     0.000041   0.000056
849.9  140  285.8  47      0.0004     0.000068     0.0000715  0.000068
575.0   96  434.2  72      0.0002857  0.000052     0.000004   0.000052
646.9  108  400.6  66      0.000250   0.000045    -0.0000228  0.000045
756.4  128  337    56      0.0002222  0.000039    -0.000032   0.000039
887    148  242.5  40      0.0001818  0.000033    -0.0000337  0.000033
910    152  209.3  36      0.0001667  0.000029    -0.0000324  0.000029