907.4   132   320.2  45   0.0005      0.000078    0.000093    0.000078
868.3   132   393.0  54   0.0002      0.000032   -0.000033    0.000032
973.0   132   153.0  21   0.0001      0.000015   -0.0000216   0.000015
981.7   132    72.0  10   0.00005     0.0000076  -0.0000113   0.0000076
992.3   132    32.0   5   0.00002     0.0000030  -0.0000046   0.0000030
992.3   132    63.7   9   0.002       0.000310    0.000478    0.000310
981.7   132   135.2  19   0.001       0.000156    0.0002267   0.000156
907.4   132   327.2  44   0.0005      0.000078    0.0000925   0.000078
817.2   132   476.0  64   0.0004      0.000062    0.000056    0.000062
753.5   132   576.0  80   0.0003571   0.000056    0.000034    0.000056
559.5    80   475.7  68   0.000303    0.000050    0.000006    0.000050
601.6    86   467.0  66   0.0002778   0.000052   -0.000018    0.000052