990.6  140   40.3   6   0.002       0.000320    0.000480    0.000320
973.7  140   94.4  14   0.001       0.000168    0.000219    0.000168
907.4  132  170.8  25   0.0006666   0.000108    0.0001176   0.000108
768.5  108  245.0  35   0.0004      0.000070   -0.0000163   0.000070
748.4  104  256.2  36   0.0004327   0.000070   -0.0000004   0.000070
838.0  132  195.7  31   0.0003333   0.000060   -0.0000346   0.000060
882.3  124  159.0  23   0.0002857   0.000054   -0.000038    0.000054
955.0  144   86.4  13   0.0001667   0.000030   -0.0000288   0.000030
838.6  140  226.1  37   0.0005555   0.000092    0.0000707   0.000092
960.0  156  121.1  20   0.0008333   0.000136    0.000171    0.000136
947.0  156  104.5  17   0.000200    0.000033   -0.000033    0.000033
971.0  160   54.0   9   0.0001      0.0000164  -0.0000184   0.0000164