0.051 0.00187061 9.2 0.226321 0.0001 1.33022e-07
0.0499 0.00187061 9.061 0.226321 5e-05 1.33022e-07
0.05049 0.00166277 9.1 0.226321 3.33e-05 5.91207e-08
0.05049 0.00166277 8.724 0.226321 2e-05 3.23316e-08
0.05049 0.00166277 8.724 0.226321 2e-05 3.23316e-08
0.051 0.00166277 8.3 0.226321 1.33e-05 2.21703e-08
0.05049 0.00166277 7.77 0.239254 1e-05 1.73667e-08
0.05049 0.00166277 6.66 0.239254 6.6e-06 1.10851e-08
0.05049 0.00166277 5.66 0.239254 5e-06 9.2376e-09
0.0511 0.00242487 5.15 0.226321 4.35e-06 9.2376e-09
EOF
