0.0983 0.00210155 8.19 0.168124 0.01 1.29326e-05
0.0983 0.00210155 8.14 0.174591 0.005 6.09682e-06
0.0983 0.00210155 8.14 0.174591 0.002 2.40178e-06
0.0964 0.00210155 8.16 0.174591 0.001 1.21936e-06
0.0983 0.00210155 7.92 0.174591 0.0005 6.46632e-07
0.0991 0.00226321 7.09 0.151959 0.0002 2.40178e-07
0.1002 0.00226321 5.49 0.126093 0.0001 1.25631e-07
0.1013 0.00226321 3.36 0.0759793 5e-05 6.46632e-08
0.1005 0.00226321 1.45 0.0371814 2e-05 2.67891e-08
0.0996 0.00226321 6.28 0.139026 0.000133 1.69972e-07
0.1013 0.00226321 4.22 0.0937617 6.66e-05 8.31384e-08
0.0993 0.00210155 7.63 0.168124 0.0002857 2.77128e-07
EOF
