0.0983 0.00210155 0.79 0.0174591 0.001 1.25631e-06
0.0983 0.00210155 0.79 0.0174591 0.0005 6.28157e-07
0.0983 0.00210155 0.786 0.0174591 0.0002 2.49415e-07
0.0983 0.00210155 0.782 0.0174591 0.0001 1.21936e-07
0.0983 0.00210155 0.764 0.0174591 5e-05 6.28157e-08
0.0993 0.00210155 0.679 0.0174591 2e-05 2.58653e-08
0.1003 0.00210155 0.518 0.0116394 1e-05 1.21936e-08
0.1007 0.00226321 0.313 0.00727461 5e-06 6.46632e-09
0.1007 0.00226321 0.14 0.00371814 2e-06 2.58653e-09
0.0983 0.00210155 0.727 0.0181057 2.8e-05 3.60267e-08
0.0991 0.00226321 0.595 0.0139026 1.33e-05 1.69972e-08
0.1007 0.00226321 0.393 0.00969948 6.66e-06 8.12909e-09
EOF
