9.78913 -0.760412 -9.12926e-06 1
11.01 -0.852028 -1.07161e-05 1
12.2282 -0.94956 -1.24054e-05 1
13.4436 -1.04386 -1.40388e-05 1
14.6618 -1.13328 -1.55875e-05 1
15.8822 -1.13328 0 -1.22056
17.1017 -1.29324 6.46794e-06 10
18.3191 -1.36456 5.23259e-06 10
19.5395 -1.43217 4.06167e-06 10
20.7605 -1.49544 2.96576e-06 10
21.9821 -1.55545 1.92625e-06 10
23.2042 -1.61193 9.48029e-07 10
24.422 -1.66545 2.10735e-08 10
25.6365 -1.71586 -8.52117e-07 10
26.8569 -1.76374 -1.68131e-06 10
28.0758 -1.80955 -2.47475e-06 10
29.2939 -1.85294 -3.22628e-06 10
30.5126 -1.89389 -3.93565e-06 10
31.7318 -1.93319 -4.6164e-06 10
32.9507 -1.97072 -5.2664e-06 10
34.1695 -2.00557 -5.86995e-06 10
35.387 -2.03855 -6.44127e-06 10
36.6069 -2.07009 -6.98747e-06 10
37.8286 -2.10094 -7.52189e-06 10
39.0507 -2.13141 -8.0496e-06 10
40.2945 -2.16191 -8.57792e-06 10
41.5147 -2.19075 -9.07734e-06 10
42.7376 -2.22019 -9.58734e-06 10
43.9583 -2.24703 -1.00521e-05 10
45.1782 -2.27306 -1.0503e-05 10
46.3979 -2.29965 -1.09636e-05 10
47.617 -2.32612 -1.14221e-05 10
48.8387 -2.35201 -1.18705e-05 10
50.0594 -2.37715 -1.23059e-05 10
51.278 -2.40161 -1.27296e-05 10
52.4962 -2.42541 -1.31418e-05 10
53.7174 -2.449 -1.35504e-05 10
54.9398 -2.47273 -1.39615e-05 10
56.1625 -2.4953 -1.43523e-05 10
57.3824 -2.51868 -1.47573e-05 10
58.6026 -2.54236 -1.51674e-05 10
59.8253 -2.56654 -1.55863e-05 10
61.0499 -2.59071 -1.6005e-05 10
62.2712 -2.61496 -1.64249e-05 10
63.4926 -2.639 -1.68413e-05 10
64.7146 -2.66259 -1.72499e-05 10
65.9366 -2.68708 -1.7674e-05 10
67.1587 -2.71024 -1.80753e-05 10
68.3804 -2.7333 -1.84746e-05 10
69.6047 -2.75702 -1.88855e-05 10
70.8286 -2.78001 -1.92836e-05 10
72.05 -2.80375 -1.96948e-05 10
73.27 -2.82745 -2.01054e-05 10
74.4884 -2.85084 -2.05104e-05 10
75.7082 -2.87457 -2.09216e-05 10
76.9298 -2.89643 -2.13001e-05 10
78.146 -2.9177 -2.16686e-05 10
79.3656 -2.93948 -2.20458e-05 10
80.5847 -2.96221 -2.24394e-05 10
81.8049 -2.98551 -2.28431e-05 10
83.0243 -3.00899 -2.32497e-05 10
84.2454 -3.03302 -2.36659e-05 10
85.4665 -3.05709 -2.40829e-05 10
86.6845 -3.08136 -2.45032e-05 10
87.9044 -3.10605 -2.49308e-05 10
89.1232 -3.13078 -2.53591e-05 10
90.3407 -3.15597 -2.57956e-05 10
91.5619 -3.18107 -2.62302e-05 10
92.7817 -3.20551 -2.66536e-05 10
94.0009 -3.23019 -2.70809e-05 10
95.2211 -3.25487 -2.75086e-05 10
96.4403 -3.27931 -2.79318e-05 10
97.6611 -3.30354 -2.83515e-05 10
98.882 -3.32804 -2.87759e-05 10
100.104 -3.35261 -2.92014e-05 10
101.322 -3.3762 -2.961e-05 10
102.541 -3.39964 -3.00159e-05 10
103.76 -3.42396 -3.04373e-05 10
104.982 -3.44866 -3.08651e-05 10
106.201 -3.47345 -3.12943e-05 10
107.419 -3.49784 -3.17168e-05 10
108.639 -3.52143 -3.21255e-05 10
109.859 -3.54368 -3.25108e-05 10
111.106 -3.56582 -3.28943e-05 10
112.327 -3.58629 -3.32489e-05 10
113.57 -3.60589 -3.35884e-05 10
114.792 -3.62554 -3.39288e-05 10
116.014 -3.64643 -3.42905e-05 10
117.232 -3.66805 -3.46649e-05 10
118.451 -3.68976 -3.50411e-05 10
119.67 -3.71189 -3.54243e-05 10
120.891 -3.73245 -3.57804e-05 10
122.113 -3.74993 -3.60832e-05 10
123.335 -3.76727 -3.63835e-05 10
124.554 -3.78408 -3.66747e-05 10
125.777 -3.80131 -3.69732e-05 10
126.999 -3.81821 -3.72658e-05 10
128.219 -3.8349 -3.75549e-05 10
129.441 -3.85414 -3.78881e-05 10
130.66 -3.8754 -3.82564e-05 10
131.881 -3.89669 -3.86251e-05 10
133.103 -3.91821 -3.89979e-05 10
134.323 -3.93951 -3.93667e-05 10
135.544 -3.96167 -3.97506e-05 10
136.764 -3.98358 -4.01301e-05 10
137.984 -4.00498 -4.05008e-05 10
139.204 -4.02697 -4.08817e-05 10
140.422 -4.04853 -4.12551e-05 10
141.644 -4.07006 -4.1628e-05 10
142.866 -4.09143 -4.19982e-05 10
144.088 -4.11262 -4.23652e-05 10
145.31 -4.13324 -4.27222e-05 10
146.529 -4.15365 -4.30758e-05 10
147.749 -4.17124 -4.33805e-05 10
148.97 -4.18796 -4.36701e-05 10
150.193 -4.20454 -4.39572e-05 10
151.415 -4.22082 -4.42392e-05 10
152.638 -4.23891 -4.45526e-05 10
153.862 -4.25562 -4.48421e-05 10
155.085 -4.27096 -4.51077e-05 10
156.309 -4.28546 -4.53588e-05 10
157.53 -4.29995 -4.56099e-05 10
158.755 -4.31396 -4.58525e-05 10
159.973 -4.32564 -4.60548e-05 10
161.195 -4.33719 -4.62547e-05 10
162.415 -4.3504 -4.64836e-05 10
163.636 -4.36356 -4.67115e-05 10
164.858 -4.37729 -4.69493e-05 10
166.079 -4.39193 -4.72029e-05 10
167.302 -4.40735 -4.74701e-05 10
168.526 -4.42325 -4.77455e-05 10
169.75 -4.43996 -4.80348e-05 10
171.001 -4.45647 -4.83207e-05 10
172.221 -4.47419 -4.86277e-05 10
173.442 -4.4914 -4.89257e-05 10
174.666 -4.50874 -4.92262e-05 10
175.888 -4.5254 -4.95148e-05 10
177.109 -4.54126 -4.97894e-05 10
178.331 -4.55698 -5.00617e-05 10
179.554 -4.57226 -5.03263e-05 10
180.775 -4.58596 -5.05637e-05 10
181.997 -4.59976 -5.08026e-05 10
183.219 -4.61505 -5.10676e-05 10
184.442 -4.6301 -5.13282e-05 10
185.666 -4.64267 -5.15459e-05 10
186.886 -4.65627 -5.17815e-05 10
188.14 -4.67049 -5.20277e-05 10
189.363 -4.68497 -5.22785e-05 10
190.585 -4.69908 -5.2523e-05 10
191.809 -4.71251 -5.27556e-05 10
193.028 -4.7254 -5.29789e-05 10
194.249 -4.7371 -5.31814e-05 10
