47.9481 -0.733504 -8.66322e-06 1 
49.1722 -0.779546 -9.46068e-06 1 
50.4046 -0.824769 -1.0244e-05 1 
51.6307 -0.867343 -1.09814e-05 1 
52.8634 -0.90684 -1.16655e-05 1 
54.0939 -0.943228 -1.22957e-05 1 
55.3252 -0.976742 -1.28762e-05 1 
56.5525 -1.0079 -1.34158e-05 1 
57.7785 -1.03605 -1.39035e-05 1 
59.0024 -1.06176 -1.43488e-05 1 
60.2346 -1.08605 -1.47695e-05 1 
61.4666 -1.10847 -1.51579e-05 1 
62.6933 -1.12971 -1.55257e-05 1 
63.9176 -1.15015 -1.58797e-05 1 
65.1403 -1.16886 -1.62038e-05 1 
66.3712 -1.18639 -1.65075e-05 1 
67.5995 -1.18639 0 -1.20368
68.824 -1.21746 7.78049e-06 10 
70.0483 -1.23135 7.53984e-06 10 
71.2735 -1.24356 7.3284e-06 10 
72.5048 -1.25451 7.13872e-06 10 
73.7313 -1.26424 6.9702e-06 10 
74.9626 -1.27415 6.7986e-06 10 
76.1884 -1.28316 6.6426e-06 10 
77.4151 -1.29177 6.49339e-06 10 
78.6419 -1.30158 6.32348e-06 10 
79.874 -1.3106 6.16728e-06 10 
81.0996 -1.32108 5.98573e-06 10 
82.3251 -1.33086 5.81628e-06 10 
83.555 -1.3393 5.67014e-06 10 
84.7877 -1.34696 5.53754e-06 10 
86.0157 -1.35547 5.39003e-06 10 
87.2424 -1.36353 5.25041e-06 10 
88.4755 -1.37154 5.1117e-06 10 
89.7062 -1.37893 4.98371e-06 10 
90.939 -1.38562 4.86782e-06 10 
92.1651 -1.39284 4.74287e-06 10 
93.3893 -1.40035 4.61266e-06 10 
94.6198 -1.40662 4.50409e-06 10 
95.8422 -1.41299 4.39373e-06 10 
97.0744 -1.41916 4.28692e-06 10 
98.3064 -1.42478 4.18959e-06 10 
99.5386 -1.43006 4.09815e-06 10 
100.771 -1.43516 4.00978e-06 10 
102.003 -1.43848 3.95235e-06 10 
103.23 -1.4422 3.88795e-06 10 
104.459 -1.44742 3.79742e-06 10 
105.686 -1.45422 3.67976e-06 10 
106.912 -1.46018 3.57645e-06 10 
108.144 -1.46644 3.46797e-06 10 
109.376 -1.47298 3.35469e-06 10 
110.607 -1.47771 3.27285e-06 10 
111.84 -1.48283 3.18408e-06 10 
113.068 -1.48802 3.09431e-06 10 
114.295 -1.49168 3.03085e-06 10 
115.528 -1.49451 2.98182e-06 10 
116.758 -1.49735 2.9327e-06 10 
117.985 -1.50047 2.87854e-06 10 
119.216 -1.5046 2.80714e-06 10 
120.442 -1.50862 2.73744e-06 10 
121.67 -1.51284 2.66434e-06 10 
122.902 -1.51686 2.59479e-06 10 
124.129 -1.52054 2.53098e-06 10 
125.355 -1.52371 2.47603e-06 10 
126.58 -1.52649 2.42791e-06 10 
127.808 -1.52959 2.37418e-06 10 
129.069 -1.53238 2.3259e-06 10 
130.302 -1.53639 2.25642e-06 10 
131.539 -1.5404 2.18694e-06 10 
132.764 -1.54277 2.14591e-06 10 
133.989 -1.54481 2.11056e-06 10 
135.221 -1.54757 2.06277e-06 10 
136.448 -1.55105 2.00251e-06 10 
137.671 -1.55575 1.92121e-06 10 
138.896 -1.55989 1.84951e-06 10 
140.122 -1.56328 1.79073e-06 10 
141.347 -1.56717 1.72335e-06 10 
142.579 -1.57156 1.64728e-06 10 
143.805 -1.57675 1.55746e-06 10 
145.03 -1.58171 1.47145e-06 10 
146.252 -1.58663 1.3863e-06 10 
147.484 -1.5929 1.27776e-06 10 
148.714 -1.59956 1.16235e-06 10 
149.937 -1.60601 1.05055e-06 10 
151.165 -1.61296 9.30304e-07 10 
152.395 -1.61934 8.19637e-07 10 
153.62 -1.62495 7.22508e-07 10 
154.845 -1.63057 6.25252e-07 10 
156.069 -1.63643 5.23645e-07 10 
157.3 -1.6419 4.28897e-07 10 
158.529 -1.64694 3.41613e-07 10 
159.754 -1.65107 2.70097e-07 10 
160.979 -1.65541 1.95011e-07 10 
162.206 -1.66033 1.09783e-07 10 
163.436 -1.66505 2.79452e-08 10 
164.661 -1.66944 -4.80376e-08 10 
165.885 -1.67499 -1.44197e-07 10 
167.111 -1.68106 -2.49249e-07 10 
168.341 -1.68715 -3.54846e-07 10 
169.568 -1.69176 -4.3463e-07 10 
170.799 -1.69606 -5.09071e-07 10 
172.03 -1.69992 -5.75999e-07 10 
173.258 -1.70374 -6.42211e-07 10 
174.488 -1.70799 -7.15682e-07 10 
175.714 -1.71275 -7.98187e-07 10 
176.945 -1.71673 -8.6704e-07 10 
178.171 -1.71969 -9.18404e-07 10 
179.401 -1.72299 -9.75615e-07 10 
180.628 -1.72586 -1.0253e-06 10 
181.856 -1.72971 -1.09193e-06 10 
183.087 -1.7334 -1.15585e-06 10 
184.313 -1.7369 -1.21649e-06 10 
185.544 -1.73929 -1.25782e-06 10 
186.776 -1.74091 -1.28592e-06 10 
188 -1.7419 -1.303e-06 10 
189.225 -1.74343 -1.32956e-06 10 
190.456 -1.74503 -1.35735e-06 10 
191.688 -1.74787 -1.40651e-06 10 
192.914 -1.75098 -1.4604e-06 10 
194.141 -1.75426 -1.51708e-06 10 
195.372 -1.75647 -1.55545e-06 10 
196.606 -1.75809 -1.58353e-06 10 
197.83 -1.75979 -1.61287e-06 10 
199.063 -1.76405 -1.68679e-06 10 
200.289 -1.76731 -1.74321e-06 10 
201.518 -1.7695 -1.78106e-06 10 