34.1847 -0.40689 -3.00609e-06 1
35.4021 -0.41247 -3.10274e-06 1
36.6244 -0.419262 -3.22037e-06 1
37.8455 -0.425943 -3.3361e-06 1
39.0662 -0.432543 -3.45041e-06 1
40.2857 -0.439395 -3.56909e-06 1
41.5077 -0.445707 -3.67841e-06 1
42.7249 -0.452286 -3.79237e-06 1
43.9469 -0.458697 -3.90341e-06 1
45.1667 -0.464817 -4.00941e-06 1
46.3868 -0.470672 -4.11083e-06 1
47.6073 -0.475907 -4.2015e-06 1
48.8287 -0.479262 -4.2596e-06 1
50.0488 -0.481907 -4.30543e-06 1
51.2703 -0.483587 -4.33453e-06 1
52.4909 -0.485013 -4.35922e-06 1
53.7119 -0.48701 -4.39381e-06 1
54.933 -0.48922 -4.43208e-06 1 
56.1567 -0.492002 -4.48027e-06 1 
57.3748 -0.49449 -4.52337e-06 1 
58.5974 -0.496016 -4.54979e-06 1
59.8156 -0.498001 -4.58417e-06 1
61.0352 -0.500003 -4.61886e-06 1
62.2508 -0.502496 -4.66204e-06 1
63.4657 -0.505451 -4.71321e-06 1
64.6858 -0.508059 -4.7584e-06 1
65.9074 -0.510683 -4.80384e-06 1 
67.15 -0.514049 -4.86213e-06 1 
68.3943 -0.517 -4.91325e-06 1
69.613 -0.519575 -4.95786e-06 1
70.8342 -0.520891 -4.98064e-06 1
72.0534 -0.523075 -5.01848e-06 1
73.2733 -0.524134 -5.03682e-06 1
74.4925 -0.525295 -5.05692e-06 1
75.7116 -0.525869 -5.06686e-06 1
76.9322 -0.526282 -5.07402e-06 1
78.149 -0.527243 -5.09067e-06 1
79.3663 -0.528963 -5.12046e-06 1
80.5835 -0.530319 -5.14394e-06 1
81.803 -0.531501 -5.16442e-06 1
83.0257 -0.531756 -5.16883e-06 1
84.2475 -0.532283 -5.17796e-06 1
85.4694 -0.533373 -5.19684e-06 1
86.6871 -0.534547 -5.21717e-06 1
87.9081 -0.536083 -5.24378e-06 1
89.1308 -0.537333 -5.26542e-06 1
90.3487 -0.538374 -5.28346e-06 1
91.5664 -0.539945 -5.31067e-06 1
92.7837 -0.541681 -5.34073e-06 1
94.0049 -0.543741 -5.37642e-06 1
95.2265 -0.545953 -5.41474e-06 1
96.4429 -0.547561 -5.44259e-06 1
97.6632 -0.549532 -5.47672e-06 1
98.8846 -0.550934 -5.50101e-06 1
100.104 -0.552414 -5.52665e-06 1
101.321 -0.553878 -5.55199e-06 1
102.541 -0.554798 -5.56794e-06 1
103.761 -0.555007 -5.57156e-06 1
104.983 -0.555145 -5.57394e-06 1
106.205 -0.554883 -5.56941e-06 1
107.426 -0.554499 -5.56276e-06 1
108.646 -0.555185 -5.57464e-06 1
109.866 -0.555988 -5.58855e-06 1
111.088 -0.557298 -5.61123e-06 1
112.308 -0.559025 -5.64115e-06 1
113.527 -0.560189 -5.66131e-06 1
114.746 -0.561418 -5.68259e-06 1
115.966 -0.562649 -5.70391e-06 1
117.188 -0.563757 -5.7231e-06 1
118.408 -0.564571 -5.73721e-06 1 
119.63 -0.565096 -5.74629e-06 1 
120.85 -0.565096 -5.7463e-06 1 
122.073 -0.565666 -5.75617e-06 1
123.306 -0.566849 -5.77667e-06 1
124.526 -0.569737 -5.82668e-06 1
125.746 -0.573424 -5.89054e-06 1
126.969 -0.575455 -5.92572e-06 1
128.187 -0.577002 -5.95252e-06 1
129.428 -0.580755 -6.01752e-06 1
130.646 -0.583092 -6.058e-06 1
131.866 -0.586089 -6.1099e-06 1
133.083 -0.58942 -6.16761e-06 1
134.301 -0.592415 -6.21949e-06 1
135.516 -0.595148 -6.26682e-06 1
136.732 -0.597446 -6.30661e-06 1
137.951 -0.599148 -6.33609e-06 1
139.17 -0.601206 -6.37174e-06 1
140.39 -0.603504 -6.41154e-06 1
141.607 -0.604084 -6.42159e-06 1
142.828 -0.603635 -6.41381e-06 1
144.044 -0.603165 -6.40566e-06 1
145.265 -0.603524 -6.41189e-06 1
146.483 -0.606797 -6.46857e-06 1
147.703 -0.609911 -6.52251e-06 1
148.924 -0.612178 -6.56178e-06 1
150.16 -0.614743 -6.60621e-06 1
