43.4342 -0.423197 -3.28853e-06 1
44.6582 -0.461707 -3.95554e-06 1
45.8799 -0.497489 -4.57531e-06 1
47.125 -0.530319 -5.14394e-06 1
48.3486 -0.561229 -5.67932e-06 1
49.5723 -0.589791 -6.17403e-06 1
50.7906 -0.615784 -6.62423e-06 1
52.01 -0.640779 -7.05717e-06 1
53.2301 -0.664825 -7.47366e-06 1
54.4744 -0.685007 -7.82321e-06 1
55.7221 -0.703639 -8.14593e-06 1
56.9425 -0.720804 -8.44324e-06 1
58.1625 -0.736578 -8.71645e-06 1
59.3857 -0.751307 -8.97158e-06 1
60.6078 -0.764631 -9.20235e-06 1
61.8301 -0.777852 -9.43134e-06 1
63.051 -0.790443 -9.64943e-06 1
64.2727 -0.801925 -9.8483e-06 1
65.4988 -0.813152 -1.00428e-05 1 
66.7267 -0.822742 -1.02089e-05 1 
67.9479 -0.832173 -1.03722e-05 1 
69.1695 -0.841124 -1.05272e-05 1 
70.3885 -0.849986 -1.06807e-05 1 
71.6108 -0.85777 -1.08156e-05 1 
72.8321 -0.865912 -1.09566e-05 1 
74.0524 -0.873986 -1.10964e-05 1 
75.2724 -0.881379 -1.12245e-05 1 
76.4952 -0.888823 -1.13534e-05 1 
77.719 -0.896136 -1.14801e-05 1 
78.9398 -0.902962 -1.15983e-05 1 
80.1661 -0.908563 -1.16953e-05 1 
81.3868 -0.913599 -1.17826e-05 1 
82.6094 -0.917594 -1.18517e-05 1 
83.8314 -0.92185 -1.19255e-05 1 
85.0527 -0.926658 -1.20087e-05 1 
86.2731 -0.932435 -1.21088e-05 1 
87.4972 -0.937241 -1.2192e-05 1 
88.7239 -0.94198 -1.22741e-05 1 
89.9451 -0.947063 -1.23622e-05 1 
91.168 -0.952215 -1.24514e-05 1 
92.3902 -0.956949 -1.25334e-05 1 
93.6129 -0.961615 -1.26142e-05 1 
94.8332 -0.966656 -1.27015e-05 1 
96.0545 -0.972455 -1.2802e-05 1 
97.2739 -0.976778 -1.28768e-05 1 
98.4931 -0.981609 -1.29605e-05 1 
99.7153 -0.986629 -1.30475e-05 1 
100.936 -0.992155 -1.31432e-05 1 
102.154 -0.997819 -1.32413e-05 1 
103.374 -1.00397 -1.33479e-05 1 
104.596 -1.01039 -1.3459e-05 1 
105.818 -1.01674 -1.35691e-05 1 
107.038 -1.02239 -1.36668e-05 1 
108.259 -1.0274 -1.37537e-05 1 
109.476 -1.03275 -1.38463e-05 1 
110.699 -1.03702 -1.39202e-05 1 
111.92 -1.04118 -1.39922e-05 1 
113.141 -1.04554 -1.40679e-05 1 
114.362 -1.05101 -1.41625e-05 1 
115.622 -1.05607 -1.42502e-05 1 
116.844 -1.06156 -1.43453e-05 1 
118.065 -1.06665 -1.44335e-05 1 
119.287 -1.06975 -1.44872e-05 1 
120.509 -1.07325 -1.45477e-05 1 
121.732 -1.07751 -1.46215e-05 1 
122.954 -1.08157 -1.46918e-05 1 
124.177 -1.08585 -1.4766e-05 1 
125.397 -1.09045 -1.48456e-05 1 
126.62 -1.09522 -1.49283e-05 1 
127.84 -1.10021 -1.50147e-05 1 
129.062 -1.10435 -1.50865e-05 1 
130.285 -1.10848 -1.5158e-05 1 
131.506 -1.11273 -1.52315e-05 1 
132.731 -1.11791 -1.53213e-05 1 
133.953 -1.12285 -1.54068e-05 1 
135.176 -1.12824 -1.55003e-05 1 
136.4 -1.13218 -1.55684e-05 1 
137.623 -1.13452 -1.5609e-05 1 
138.844 -1.13784 -1.56664e-05 1 
140.067 -1.14003 -1.57044e-05 1 
141.286 -1.14289 -1.5754e-05 1 
142.507 -1.14739 -1.58319e-05 1 
143.73 -1.15081 -1.58912e-05 1
144.978 -1.15303 -1.59296e-05 1 
146.2 -1.1559 -1.59794e-05 1 
147.24 -1.1559 0 -1.1585 
147.406 -1.15871 0 -1.15895 
148.766 -1.16289 0 -1.16253 
148.837 -1.16306 0 -1.16253 
148.899 -1.16343 -1.61097e-05 10
150.032 -1.16799 -1.61888e-05 10
151.251 -1.17229 -1.62631e-05 10
152.469 -1.17696 -1.6344e-05 10
153.69 -1.18112 -1.64161e-05 10
154.909 -1.18476 -1.64791e-05 10
156.13 -1.18789 -1.65334e-05 10
157.347 -1.19089 -1.65854e-05 10
158.568 -1.19528 -1.66614e-05 10
159.787 -1.19528 0 -1.20065 
161.005 -1.20527 7.99171e-06 10 
162.223 -1.2106 7.89936e-06 10 
163.442 -1.21562 7.81244e-06 10 
164.666 -1.22005 7.7356e-06 10 