0 0.0292513 2.86514e-06 0.1 0.100000

1.20138 0.023658 2.70367e-06 0.1 0.100000

2.44058 0.018414 2.55229e-06 0.1 0.100000

3.65839 0.0134613 2.40932e-06 0.1 0.100000

4.87517 0.00882386 2.27545e-06 0.1 0.100000

6.09182 0.00428266 2.14436e-06 0.1 0.100000

7.30799 0.000640424 2.03921e-06 0.1 0.100000

8.52486 -0.00251988 1.94798e-06 0.1 0.100000

9.74196 -0.00623894 1.84062e-06 0.1 0.100000

10.9633 -0.00986671 1.7359e-06 0.1 0.100000

12.1814 -0.0130263 1.64469e-06 0.1 0.100000

13.3988 -0.0155587 1.57159e-06 0.1 0.100000

14.6164 -0.018098 1.49828e-06 0.1 0.100000

15.8355 -0.0207472 1.42181e-06 0.1 0.100000

17.0508 -0.0237374 1.33549e-06 0.1 0.100000

18.284 -0.0254143 1.28708e-06 0.1 0.100000

19.5023 -0.0275056 1.22671e-06 0.1 0.100000

20.7203 -0.0299871 1.15507e-06 0.1 0.100000

21.9396 -0.0322384 1.09008e-06 0.1 0.100000

23.1588 -0.0333528 1.05791e-06 0.1 0.100000

24.3788 -0.0338981 1.04217e-06 0.1 0.100000

25.5959 -0.0344978 1.02486e-06 0.1 0.100000

26.8138 -0.0355847 9.93485e-07 0.1 0.100000

28.0311 -0.0361584 9.76923e-07 0.1 0.100000

29.2498 -0.0365988 9.64209e-07 0.1 0.100000

30.4659 -0.0373637 9.42128e-07 0.1 0.100000

31.6833 -0.0385702 9.07299e-07 0.1 0.100000

32.8995 -0.0382111 9.17666e-07 0.1 0.100000

34.1181 -0.0382103 9.1769e-07 0.1 0.100000

35.3725 -0.0379592 9.24939e-07 0.1 0.100000

36.611 -0.0378479 9.2815e-07 0.1 0.100000

37.833 -0.0379851 9.2419e-07 0.1 0.100000

39.0671 -0.0398413 8.70607e-07 0.1 0.100000

40.3015 -0.0405354 8.5057e-07 0.1 0.100000

41.5219 -0.0407854 8.43352e-07 0.1 0.100000

42.7393 -0.0412014 8.31343e-07 0.1 0.100000

43.9558 -0.0415231 8.22057e-07 0.1 0.100000

45.1915 -0.0423669 7.977e-07 0.1 0.100000

46.4109 -0.0424609 7.94986e-07 0.1 0.100000

47.6297 -0.0424534 7.95203e-07 0.1 0.100000

48.8494 -0.0427569 7.86442e-07 0.1 0.100000

50.0673 -0.0426353 7.8995e-07 0.1 0.100000

51.2848 -0.0431637 7.74697e-07 0.1 0.100000

52.5033 -0.0433827 7.68376e-07 0.1 0.100000

53.7227 -0.0432483 7.72256e-07 0.1 0.100000

54.9408 -0.0433606 7.69014e-07 0.1 0.100000

56.1595 -0.0437683 7.57243e-07 0.1 0.100000

57.3796 -0.0440739 7.48421e-07 0.1 0.100000

58.596 -0.0441585 7.4598e-07 0.1 0.100000

59.8726 -0.0440007 7.50536e-07 0.1 0.100000

61.1149 -0.0440539 7.48999e-07 0.1 0.100000

62.333 -0.043599 7.62131e-07 0.1 0.100000

63.5522 -0.0425072 7.9365e-07 0.1 0.100000

64.7681 -0.0413842 8.26068e-07 0.1 0.100000

65.9868 -0.0413857 8.26022e-07 0.1 0.100000

67.2042 -0.0407298 8.44959e-07 0.1 0.100000

68.4243 -0.0400896 8.63439e-07 0.1 0.100000

69.6444 -0.0399913 8.66276e-07 0.1 0.100000

70.8619 -0.0394854 8.8088e-07 0.1 0.100000

72.0818 -0.0398088 8.71545e-07 0.1 0.100000

73.3018 -0.0414512 8.24132e-07 0.1 0.100000

74.5218 -0.0423258 7.98885e-07 0.1 0.100000

75.7627 -0.0436143 7.61691e-07 0.1 0.100000

76.982 -0.0447033 7.30253e-07 0.1 0.100000

78.1957 -0.0453189 7.12483e-07 0.1 0.100000

79.4161 -0.0453555 7.11425e-07 0.1 0.100000

80.6361 -0.0453188 7.12485e-07 0.1 0.100000

81.8559 -0.0466935 6.728e-07 0.1 0.100000

83.075 -0.0478689 6.38871e-07 0.1 0.100000

84.2937 -0.0488539 6.10435e-07 0.1 0.100000

85.5172 -0.049715 5.85579e-07 0.1 0.100000

86.7374 -0.0507812 5.548e-07 0.1 0.100000

87.9549 -0.0515096 5.33771e-07 0.1 0.100000

89.1736 -0.0521846 5.14286e-07 0.1 0.100000

90.3942 -0.0534691 4.77207e-07 0.1 0.100000

91.6127 -0.054459 4.48631e-07 0.1 0.100000

92.8282 -0.0555829 4.16185e-07 0.1 0.100000

94.045 -0.0568331 3.80095e-07 0.1 0.100000

95.2597 -0.0588164 3.22842e-07 0.1 0.100000

96.4771 -0.0602529 2.81374e-07 0.1 0.100000

97.6965 -0.0613174 2.50645e-07 0.1 0.100000

98.9136 -0.0617413 2.38407e-07 0.1 0.100000

100.131 -0.061099 2.56951e-07 0.1 0.100000

101.347 -0.0619081 2.33592e-07 0.1 0.100000

102.565 -0.062451 2.1792e-07 0.1 0.100000

103.787 -0.0630199 2.01497e-07 0.1 0.100000

105.003 -0.0636933 1.82059e-07 0.1 0.100000

106.218 -0.063654 1.83194e-07 0.1 0.100000

107.437 -0.0641648 1.68447e-07 0.1 0.100000

108.65 -0.0642818 1.6507e-07 0.1 0.100000

109.881 -0.065006 1.44165e-07 0.1 0.100000

111.096 -0.0657933 1.21438e-07 0.1 0.100000

112.312 -0.0668033 9.22812e-08 0.1 0.100000

113.531 -0.0673755 7.57631e-08 0.1 0.100000

114.749 -0.0678116 6.31729e-08 0.1 0.100000

115.966 -0.0676092 6.9016e-08 0.1 0.100000

117.183 -0.067339 7.68165e-08 0.1 0.100000

118.401 -0.0675437 7.09082e-08 0.1 0.100000

119.619 -0.0679059 6.04512e-08 0.1 0.100000

120.836 -0.0675833 6.97643e-08 0.1 0.100000

122.055 -0.0681731 5.27371e-08 0.1 0.100000

123.271 -0.0687617 3.57464e-08 0.1 0.100000

124.514 -0.0692568 2.14554e-08 0.1 0.100000

125.731 -0.0688864 3.21472e-08 0.1 0.100000

126.947 -0.0694603 1.55793e-08 0.1 0.100000

128.166 -0.0701458 -4.20785e-09 0.1 0.100000

129.387 -0.0707183 -2.07345e-08 0.1 0.100000

130.605 -0.0710687 -3.08503e-08 0.1 0.100000

131.823 -0.0715443 -4.45807e-08 0.1 0.100000

133.04 -0.0720278 -5.85373e-08 0.1 0.100000

134.258 -0.0724953 -7.20327e-08 0.1 0.100000

135.479 -0.0729936 -8.6418e-08 0.1 0.100000

136.696 -0.0719984 -5.76875e-08 0.1 0.100000

137.914 -0.0715169 -4.37884e-08 0.1 0.100000

139.132 -0.0703881 -1.12047e-08 0.1 0.100000

140.35 -0.0697296 7.80461e-09 0.1 0.100000

141.569 -0.0691172 2.54853e-08 0.1 0.100000

142.785 -0.0687719 3.54527e-08 0.1 0.100000

144.003 -0.0684189 4.56424e-08 0.1 0.100000

145.218 -0.0669457 8.81694e-08 0.1 0.100000

146.439 -0.0660118 1.15128e-07 0.1 0.100000

147.654 -0.0654446 1.31502e-07 0.1 0.100000

148.871 -0.0661351 1.11569e-07 0.1 0.100000

150.086 -0.0671955 8.09575e-08 0.1 0.100000

151.303 -0.0673456 7.66273e-08 0.1 0.100000

152.523 -0.0667654 9.33758e-08 0.1 0.100000

153.741 -0.0663331 1.05855e-07 0.1 0.100000

154.96 -0.0661114 1.12255e-07 0.1 0.100000

156.178 -0.0653095 1.35403e-07 0.1 0.100000

157.399 -0.0642878 1.64898e-07 0.1 0.100000

158.615 -0.0641603 1.68576e-07 0.1 0.100000

159.831 -0.0640298 1.72344e-07 0.1 0.100000

161.051 -0.0642702 1.65405e-07 0.1 0.100000

162.269 -0.0645949 1.56033e-07 0.1 0.100000

163.486 -0.0646882 1.53339e-07 0.1 0.100000

164.705 -0.0647338 1.52021e-07 0.1 0.100000

165.92 -0.0655406 1.28732e-07 0.1 0.100000

167.138 -0.0650244 1.43633e-07 0.1 0.100000

168.359 -0.0646076 1.55664e-07 0.1 0.100000

169.574 -0.0639834 1.73685e-07 0.1 0.100000

170.793 -0.0628106 2.0754e-07 0.1 0.100000

172.012 -0.0620846 2.28497e-07 0.1 0.100000

173.231 -0.0627078 2.10508e-07 0.1 0.100000

174.452 -0.0629052 2.04811e-07 0.1 0.100000

175.669 -0.0622825 2.22786e-07 0.1 0.100000

176.887 -0.060838 2.64483e-07 0.1 0.100000

178.105 -0.0602895 2.80319e-07 0.1 0.100000

179.321 -0.0598601 2.92712e-07 0.1 0.100000

180.541 -0.0604879 2.74591e-07 0.1 0.100000

181.759 -0.0598451 2.93148e-07 0.1 0.100000

182.978 -0.0588618 3.21533e-07 0.1 0.100000

184.198 -0.0581169 3.43036e-07 0.1 0.100000

185.417 -0.0580165 3.45933e-07 0.1 0.100000

186.637 -0.0579248 3.48581e-07 0.1 0.100000

187.853 -0.0575793 3.58553e-07 0.1 0.100000

189.074 -0.0574963 3.60952e-07 0.1 0.100000

190.292 -0.057795 3.52329e-07 0.1 0.100000

191.511 -0.0574756 3.61549e-07 0.1 0.100000

192.73 -0.0569217 3.77537e-07 0.1 0.100000

193.949 -0.0565749 3.87549e-07 0.1 0.100000

195.166 -0.0565403 3.88548e-07 0.1 0.100000

196.385 -0.0564623 3.90801e-07 0.1 0.100000

197.606 -0.0566291 3.85985e-07 0.1 0.100000

198.821 -0.0576686 3.55977e-07 0.1 0.100000

200.039 -0.058028 3.45601e-07 0.1 0.100000

201.258 -0.0579111 3.48977e-07 0.1 0.100000

202.477 -0.0575169 3.60355e-07 0.1 0.100000

203.697 -0.0579192 3.48744e-07 0.1 0.100000

204.915 -0.0590902 3.14939e-07 0.1 0.100000

206.135 -0.0601401 2.84629e-07 0.1 0.100000

207.356 -0.0604574 2.75472e-07 0.1 0.100000

208.575 -0.061352 2.49646e-07 0.1 0.100000

209.796 -0.0621883 2.25505e-07 0.1 0.100000

211.013 -0.0629488 2.0355e-07 0.1 0.100000

212.229 -0.061999 2.30968e-07 0.1 0.100000

213.447 -0.0613111 2.50828e-07 0.1 0.100000

214.664 -0.0607385 2.67356e-07 0.1 0.100000

215.882 -0.0596221 2.99583e-07 0.1 0.100000

217.101 -0.0579848 3.46849e-07 0.1 0.100000

218.32 -0.0568547 3.79471e-07 0.1 0.100000

219.542 -0.055635 4.14683e-07 0.1 0.100000

220.762 -0.0558477 4.08542e-07 0.1 0.100000

221.983 -0.0554534 4.19924e-07 0.1 0.100000

223.2 -0.0552594 4.25525e-07 0.1 0.100000

224.421 -0.0549112 4.35576e-07 0.1 0.100000

225.64 -0.0558015 4.09875e-07 0.1 0.100000

226.863 -0.056487 3.90087e-07 0.1 0.100000

228.081 -0.0563156 3.95034e-07 0.1 0.100000

229.299 -0.056284 3.95948e-07 0.1 0.100000

230.512 -0.0562929 3.95689e-07 0.1 0.100000

231.732 -0.0560446 4.02857e-07 0.1 0.100000

232.949 -0.0557391 4.11677e-07 0.1 0.100000

234.166 -0.0556259 4.14945e-07 0.1 0.100000

235.385 -0.0560981 4.01315e-07 0.1 0.100000

236.604 -0.0565023 3.89646e-07 0.1 0.100000

237.821 -0.057557 3.59199e-07 0.1 0.100000

239.039 -0.0585422 3.30758e-07 0.1 0.100000

240.255 -0.0583928 3.3507e-07 0.1 0.100000

241.496 -0.0582158 3.40182e-07 0.1 0.100000

242.734 -0.0578977 3.49365e-07 0.1 0.100000

243.949 -0.0566531 3.85292e-07 0.1 0.100000

245.166 -0.0576841 3.55529e-07 0.1 0.100000

246.384 -0.0583388 3.36631e-07 0.1 0.100000

247.601 -0.0585277 3.31176e-07 0.1 0.100000

248.818 -0.0575823 3.58467e-07 0.1 0.100000

250.037 -0.0569178 3.77649e-07 0.1 0.100000

251.269 -0.0554652 4.19584e-07 0.1 0.100000

