0 -0.728133 -8.57017e-06 1 1.000000

1.20097 -0.730038 -8.60318e-06 1 1.000000

2.44372 -0.731553 -8.62942e-06 1 1.000000

3.6651 -0.732802 -8.65105e-06 1 1.000000

4.8845 -0.732843 -8.65176e-06 1 1.000000

6.1035 -0.731732 -8.63252e-06 1 1.000000

7.32258 -0.729972 -8.60204e-06 1 1.000000

8.54034 -0.72916 -8.58798e-06 1 1.000000

9.76058 -0.728063 -8.56896e-06 1 1.000000

10.9796 -0.727518 -8.55954e-06 1 1.000000

12.203 -0.727012 -8.55077e-06 1 1.000000

13.4225 -0.727133 -8.55285e-06 1 1.000000

14.6442 -0.727085 -8.55202e-06 1 1.000000

15.8632 -0.726705 -8.54544e-06 1 1.000000

17.0845 -0.726819 -8.54742e-06 1 1.000000

18.3075 -0.728038 -8.56853e-06 1 1.000000

19.5287 -0.727996 -8.56781e-06 1 1.000000

20.7499 -0.728103 -8.56965e-06 1 1.000000

21.9728 -0.72826 -8.57238e-06 1 1.000000

23.1968 -0.728848 -8.58256e-06 1 1.000000

24.4221 -0.729558 -8.59486e-06 1 1.000000

25.6446 -0.730213 -8.60622e-06 1 1.000000

26.865 -0.729948 -8.60162e-06 1 1.000000

28.0854 -0.729186 -8.58842e-06 1 1.000000

29.3037 -0.727116 -8.55257e-06 1 1.000000

30.5452 -0.725212 -8.51959e-06 1 1.000000

31.7641 -0.723814 -8.49538e-06 1 1.000000

32.9863 -0.728728 -8.58048e-06 1 1.000000

34.2077 -0.753211 -9.00454e-06 1 1.000000

35.4284 -0.77675 -9.41226e-06 1 1.000000

36.6496 -0.799705 -9.80984e-06 1 1.000000

37.8729 -0.821496 -1.01873e-05 1 1.000000

39.0942 -0.84191 -1.05409e-05 1 1.000000

40.3179 -0.860997 -1.08715e-05 1 1.000000

41.5409 -0.878494 -1.11745e-05 1 1.000000

42.7621 -0.894865 -1.14581e-05 1 1.000000

43.9862 -0.909546 -1.17123e-05 1 1.000000

45.214 -0.923602 -1.19558e-05 1 1.000000

46.439 -0.936999 -1.21879e-05 1 1.000000

47.6596 -0.948588 -1.23886e-05 1 1.000000

48.8808 -0.959256 -1.25734e-05 1 1.000000

50.1026 -0.969035 -1.27427e-05 1 1.000000

51.3222 -0.978457 -1.29059e-05 1 1.000000

52.5422 -0.987909 -1.30696e-05 1 1.000000

53.763 -0.996335 -1.32156e-05 1 1.000000

54.9822 -1.00449 -1.33569e-05 1 1.000000

56.2045 -1.01348 -1.35125e-05 1 1.000000

57.4252 -1.02243 -1.36676e-05 1 1.000000

58.6453 -1.0311 -1.38177e-05 1 1.000000

59.8657 -1.03937 -1.39609e-05 1 1.000000

61.0881 -1.04702 -1.40934e-05 1 1.000000

62.3079 -1.05372 -1.42095e-05 1 1.000000

63.5317 -1.05995 -1.43175e-05 1 1.000000

64.7512 -1.06361 -1.43808e-05 1 1.000000

65.973 -1.0667 -1.44344e-05 1 1.000000

67.1953 -1.06982 -1.44884e-05 1 1.000000

68.4191 -1.07324 -1.45477e-05 1 1.000000

69.6405 -1.07563 -1.4589e-05 1 1.000000

70.8631 -1.07888 -1.46453e-05 1 1.000000

72.0823 -1.08218 -1.47025e-05 1 1.000000

73.3018 -1.08566 -1.47627e-05 1 1.000000

74.5246 -1.09012 -1.48399e-05 1 1.000000

75.7468 -1.09542 -1.49317e-05 1 1.000000

76.9685 -1.10045 -1.50189e-05 1 1.000000

78.1888 -1.10497 -1.50972e-05 1 1.000000

79.4132 -1.10955 -1.51765e-05 1 1.000000

80.6335 -1.11316 -1.5239e-05 1 1.000000

81.8566 -1.11735 -1.53116e-05 1 1.000000

83.0766 -1.12148 -1.53831e-05 1 1.000000

84.2987 -1.1253 -1.54494e-05 1 1.000000

85.5188 -1.12914 -1.55158e-05 1 1.000000

86.761 -1.13231 -1.55708e-05 1 1.000000

87.9803 -1.13508 -1.56187e-05 1 1.000000

89.2075 -1.13855 -1.56788e-05 1 1.000000

90.4325 -1.14237 -1.5745e-05 1 1.000000

91.6527 -1.14564 -1.58016e-05 1 1.000000

92.8699 -1.14848 -1.58508e-05 1 1.000000

94.0867 -1.15136 -1.59006e-05 1 1.000000

95.3069 -1.15377 -1.59424e-05 1 1.000000

96.5264 -1.15538 -1.59702e-05 1 1.000000

97.7445 -1.15591 -1.59795e-05 1 1.000000

98.9631 -1.15608 -1.59825e-05 1 1.000000

100.184 -1.15596 -1.59804e-05 1 1.000000

101.405 -1.15776 -1.60116e-05 1 1.000000

102.626 -1.15842 -1.6023e-05 1 1.000000

103.845 -1.15901 -1.60331e-05 1 1.000000

105.067 -1.15919 -1.60363e-05 1 1.000000

106.29 -1.16145 -1.60755e-05 1 1.000000

107.509 -1.16325 -1.61067e-05 1 1.000000

108.73 -1.16439 -1.61264e-05 1 1.000000

109.948 -1.16773 -1.61842e-05 1 1.000000

111.171 -1.17084 -1.6238e-05 1 1.000000

112.414 -1.17536 -1.63164e-05 1 1.000000

113.634 -1.18111 -1.64159e-05 1 1.000000

114.856 -1.18702 -1.65183e-05 1 1.000000

116.076 -1.192 -1.66045e-05 1 1.000000

117.295 -1.19586 -1.66714e-05 1 1.000000

118.526 -1.19939 -1.67327e-05 1 1.000000

119.768 -1.19939 0 -1.20353 -1.20352666E+00
10.000000
_[SV
120.989 -1.20725 7.95732e-06 10 10.000000
6E+00
10.000000
_[SV
122.231 -1.21097 7.89294e-06 10 10.000000
6E+00
10.000000
_[SV
123.45 -1.21454 7.83103e-06 10 10.000000
6E+00
10.000000
_[SV
124.67 -1.21726 7.78402e-06 10 10.000000
6E+00
10.000000
_[SV
125.886 -1.22022 7.73275e-06 10 10.000000
6E+00
10.000000
_[SV
127.105 -1.22162 7.7085e-06 10 10.000000
6E+00
10.000000
_[SV
128.324 -1.22272 7.68932e-06 10 10.000000
6E+00
10.000000
_[SV
129.543 -1.22353 7.67535e-06 10 10.000000
6E+00
10.000000
_[SV
130.761 -1.22469 7.65534e-06 10 10.000000
6E+00
10.000000
_[SV
131.979 -1.22685 7.61785e-06 10 10.000000
6E+00
10.000000
_[SV
133.201 -1.23007 7.56203e-06 10 10.000000
6E+00
10.000000
_[SV
134.422 -1.2338 7.49739e-06 10 10.000000
6E+00
10.000000
_[SV
135.641 -1.23796 7.42541e-06 10 10.000000
6E+00
10.000000
_[SV
136.86 -1.24273 7.34286e-06 10 10.000000
6E+00
10.000000
_[SV
138.083 -1.2475 7.26009e-06 10 10.000000
6E+00
10.000000
_[SV
139.304 -1.25164 7.18844e-06 10 10.000000
6E+00
10.000000
_[SV
140.524 -1.2557 7.11812e-06 10 10.000000
6E+00
10.000000
_[SV
141.744 -1.25967 7.04931e-06 10 10.000000
6E+00
10.000000
_[SV
142.966 -1.26333 6.98604e-06 10 10.000000
6E+00
10.000000
_[SV
144.188 -1.26675 6.92678e-06 10 10.000000
6E+00
10.000000
_[SV
145.409 -1.27055 6.86095e-06 10 10.000000
6E+00
10.000000
_[SV
146.629 -1.27443 6.79375e-06 10 10.000000
6E+00
10.000000
_[SV
147.848 -1.27813 6.72972e-06 10 10.000000
6E+00
10.000000
_[SV
149.067 -1.28159 6.66968e-06 10 10.000000
6E+00
10.000000
_[SV
150.291 -1.28538 6.60411e-06 10 10.000000
6E+00
10.000000
_[SV
151.511 -1.28946 6.53345e-06 10 10.000000
6E+00
10.000000
_[SV
152.734 -1.29357 6.46228e-06 10 10.000000
6E+00
10.000000
_[SV
153.953 -1.29789 6.38746e-06 10 10.000000
6E+00
10.000000
_[SV
155.173 -1.30187 6.31855e-06 10 10.000000
6E+00
10.000000
_[SV
