0 -0.435004 -3.49304e-06 1 1.000000

1.20116 -0.435273 -3.49769e-06 1 1.000000

2.44348 -0.434508 -3.48445e-06 1 1.000000

3.66315 -0.434776 -3.48908e-06 1 1.000000

4.88513 -0.434624 -3.48646e-06 1 1.000000

6.10518 -0.433298 -3.46349e-06 1 1.000000

7.32718 -0.430209 -3.40998e-06 1 1.000000

8.54561 -0.427506 -3.36317e-06 1 1.000000

9.76613 -0.425242 -3.32395e-06 1 1.000000

10.9855 -0.423738 -3.2979e-06 1 1.000000

12.2053 -0.422627 -3.27866e-06 1 1.000000

13.4255 -0.421164 -3.25333e-06 1 1.000000

14.6473 -0.419863 -3.2308e-06 1 1.000000

15.8676 -0.418771 -3.21188e-06 1 1.000000

17.0892 -0.417126 -3.18338e-06 1 1.000000

18.3137 -0.415002 -3.1466e-06 1 1.000000

19.5327 -0.413625 -3.12275e-06 1 1.000000

20.7511 -0.412153 -3.09724e-06 1 1.000000

21.973 -0.410621 -3.07071e-06 1 1.000000

23.1921 -0.409669 -3.05423e-06 1 1.000000

24.4096 -0.40878 -3.03883e-06 1 1.000000

25.6281 -0.408305 -3.0306e-06 1 1.000000

26.8467 -0.407602 -3.01842e-06 1 1.000000

28.0648 -0.407045 -3.00878e-06 1 1.000000

29.3088 -0.407746 -3.02091e-06 1 1.000000

30.5279 -0.408359 -3.03153e-06 1 1.000000

31.7459 -0.407732 -3.02068e-06 1 1.000000

32.9642 -0.407472 -3.01617e-06 1 1.000000

34.1847 -0.40689 -3.00609e-06 1 1.000000

35.4021 -0.41247 -3.10274e-06 1 1.000000

36.6244 -0.419262 -3.22037e-06 1 1.000000

37.8455 -0.425943 -3.3361e-06 1 1.000000

39.0662 -0.432543 -3.45041e-06 1 1.000000

40.2857 -0.439395 -3.56909e-06 1 1.000000

41.5077 -0.445707 -3.67841e-06 1 1.000000

42.7249 -0.452286 -3.79237e-06 1 1.000000

43.9469 -0.458697 -3.90341e-06 1 1.000000

45.1667 -0.464817 -4.00941e-06 1 1.000000

46.3868 -0.470672 -4.11083e-06 1 1.000000

47.6073 -0.475907 -4.2015e-06 1 1.000000

48.8287 -0.479262 -4.2596e-06 1 1.000000

50.0488 -0.481907 -4.30543e-06 1 1.000000

51.2703 -0.483587 -4.33453e-06 1 1.000000

52.4909 -0.485013 -4.35922e-06 1 1.000000

53.7119 -0.48701 -4.39381e-06 1 1.000000

54.933 -0.48922 -4.43208e-06 1 1.000000

56.1567 -0.492002 -4.48027e-06 1 1.000000

57.3748 -0.49449 -4.52337e-06 1 1.000000

58.5974 -0.496016 -4.54979e-06 1 1.000000

59.8156 -0.498001 -4.58417e-06 1 1.000000

61.0352 -0.500003 -4.61886e-06 1 1.000000

62.2508 -0.502496 -4.66204e-06 1 1.000000

63.4657 -0.505451 -4.71321e-06 1 1.000000

64.6858 -0.508059 -4.7584e-06 1 1.000000

65.9074 -0.510683 -4.80384e-06 1 1.000000

67.15 -0.514049 -4.86213e-06 1 1.000000

68.3943 -0.517 -4.91325e-06 1 1.000000

69.613 -0.519575 -4.95786e-06 1 1.000000

70.8342 -0.520891 -4.98064e-06 1 1.000000

72.0534 -0.523075 -5.01848e-06 1 1.000000

73.2733 -0.524134 -5.03682e-06 1 1.000000

74.4925 -0.525295 -5.05692e-06 1 1.000000

75.7116 -0.525869 -5.06686e-06 1 1.000000

76.9322 -0.526282 -5.07402e-06 1 1.000000

78.149 -0.527243 -5.09067e-06 1 1.000000

79.3663 -0.528963 -5.12046e-06 1 1.000000

80.5835 -0.530319 -5.14394e-06 1 1.000000

81.803 -0.531501 -5.16442e-06 1 1.000000

83.0257 -0.531756 -5.16883e-06 1 1.000000

84.2475 -0.532283 -5.17796e-06 1 1.000000

85.4694 -0.533373 -5.19684e-06 1 1.000000

86.6871 -0.534547 -5.21717e-06 1 1.000000

87.9081 -0.536083 -5.24378e-06 1 1.000000

89.1308 -0.537333 -5.26542e-06 1 1.000000

90.3487 -0.538374 -5.28346e-06 1 1.000000

91.5664 -0.539945 -5.31067e-06 1 1.000000

92.7837 -0.541681 -5.34073e-06 1 1.000000

94.0049 -0.543741 -5.37642e-06 1 1.000000

95.2265 -0.545953 -5.41474e-06 1 1.000000

96.4429 -0.547561 -5.44259e-06 1 1.000000

97.6632 -0.549532 -5.47672e-06 1 1.000000

98.8846 -0.550934 -5.50101e-06 1 1.000000

100.104 -0.552414 -5.52665e-06 1 1.000000

101.321 -0.553878 -5.55199e-06 1 1.000000

102.541 -0.554798 -5.56794e-06 1 1.000000

103.761 -0.555007 -5.57156e-06 1 1.000000

104.983 -0.555145 -5.57394e-06 1 1.000000

106.205 -0.554883 -5.56941e-06 1 1.000000

107.426 -0.554499 -5.56276e-06 1 1.000000

108.646 -0.555185 -5.57464e-06 1 1.000000

109.866 -0.555988 -5.58855e-06 1 1.000000

111.088 -0.557298 -5.61123e-06 1 1.000000

112.308 -0.559025 -5.64115e-06 1 1.000000

113.527 -0.560189 -5.66131e-06 1 1.000000

114.746 -0.561418 -5.68259e-06 1 1.000000

115.966 -0.562649 -5.70391e-06 1 1.000000

117.188 -0.563757 -5.7231e-06 1 1.000000

118.408 -0.564571 -5.73721e-06 1 1.000000

119.63 -0.565096 -5.74629e-06 1 1.000000

120.85 -0.565096 -5.7463e-06 1 1.000000

122.073 -0.565666 -5.75617e-06 1 1.000000

123.306 -0.566849 -5.77667e-06 1 1.000000

124.526 -0.569737 -5.82668e-06 1 1.000000

125.746 -0.573424 -5.89054e-06 1 1.000000

126.969 -0.575455 -5.92572e-06 1 1.000000

128.187 -0.577002 -5.95252e-06 1 1.000000

129.428 -0.580755 -6.01752e-06 1 1.000000

130.646 -0.583092 -6.058e-06 1 1.000000

131.866 -0.586089 -6.1099e-06 1 1.000000

133.083 -0.58942 -6.16761e-06 1 1.000000

134.301 -0.592415 -6.21949e-06 1 1.000000

135.516 -0.595148 -6.26682e-06 1 1.000000

136.732 -0.597446 -6.30661e-06 1 1.000000

137.951 -0.599148 -6.33609e-06 1 1.000000

139.17 -0.601206 -6.37174e-06 1 1.000000

140.39 -0.603504 -6.41154e-06 1 1.000000

141.607 -0.604084 -6.42159e-06 1 1.000000

142.828 -0.603635 -6.41381e-06 1 1.000000

144.044 -0.603165 -6.40566e-06 1 1.000000

145.265 -0.603524 -6.41189e-06 1 1.000000

146.483 -0.606797 -6.46857e-06 1 1.000000

147.703 -0.609911 -6.52251e-06 1 1.000000

148.924 -0.612178 -6.56178e-06 1 1.000000

150.16 -0.614743 -6.60621e-06 1 1.000000

